389
51110001
1级武器绿_青云门
2
18
21
0
2
4
9
13
22
30
43
56
69
91
117
147
181
225
272
324
389
475
583
713
19
21
0
3
6
12
18
30
42
59
77
95
125
160
202
249
309
374
446
535
653
802
980
51110002
1级武器蓝_青云门
2
18
21
0
3
6
12
17
29
40
58
75
92
121
156
196
242
300
363
432
518
634
778
950
19
21
0
4
8
16
24
40
55
79
103
127
166
214
269
333
412
499
594
713
871
1069
1307
51110003
1级武器紫_青云门
2
18
21
0
4
8
16
24
40
55
79
103
127
166
214
269
333
412
499
594
713
871
1069
1307
19
21
0
5
11
22
33
54
76
109
142
174
229
294
370
457
566
686
817
980
1198
1470
1797
51110004
1级武器橙_青云门
2
18
21
0
5
11
22
32
54
76
108
140
173
227
292
367
454
562
680
810
972
1188
1458
1782
19
21
0
7
15
30
45
74
104
149
193
238
312
401
505
624
772
936
1114
1337
1634
2005
2450
51110005
15级武器绿_青云门
2
18
21
0
3
6
12
18
30
42
60
78
97
127
163
205
254
314
380
453
543
664
815
996
19
21
0
4
8
17
25
42
58
83
108
133
174
224
282
349
432
523
623
747
913
1121
1370
51110006
15级武器蓝_青云门
2
18
21
0
4
8
16
24
40
56
81
105
129
169
217
274
338
419
507
604
725
886
1087
1328
19
21
0
6
11
22
33
55
77
111
144
177
232
299
376
465
576
697
830
996
1218
1494
1826
51110007
15级武器紫_青云门
2
18
21
0
6
11
22
33
55
77
111
144
177
232
299
376
465
576
697
830
996
1218
1494
1826
19
21
0
8
15
30
46
76
107
152
198
244
320
411
517
639
791
959
1141
1370
1674
2055
2511
51110008
15级武器橙_青云门
2
18
21
0
8
15
30
45
75
106
151
196
242
317
408
513
634
785
951
1132
1358
1660
2038
2490
19
21
0
10
21
42
62
104
145
208
270
332
436
560
706
872
1079
1307
1557
1868
2283
2802
3424
51110009
30级武器绿_青云门
2
18
21
0
4
8
16
23
39
55
78
101
125
164
211
265
327
405
491
585
702
858
1053
1287
19
21
0
5
11
21
32
54
75
107
139
172
225
289
365
450
558
675
804
965
1179
1447
1769
51110010
30级武器蓝_青云门
2
18
21
0
5
10
21
31
52
73
104
135
166
218
281
353
437
541
655
780
936
1144
1404
1715
19
21
0
7
14
29
43
71
100
143
186
229
300
386
486
600
743
901
1072
1287
1572
1930
2359
51110011
30级武器紫_青云门
2
18
21
0
7
14
29
43
71
100
143
186
229
300
386
486
600
743
901
1072
1287
1572
1930
2359
19
21
0
10
20
39
59
98
138
197
256
314
413
531
668
826
1022
1238
1474
1769
2162
2653
3243
51110012
30级武器橙_青云门
2
18
21
0
10
19
39
58
97
136
195
253
312
409
526
663
819
1014
1228
1462
1754
2144
2632
3216
19
21
0
13
27
54
80
134
188
268
348
429
563
724
911
1126
1394
1689
2010
2412
2948
3618
4422
51110013
45级武器绿_青云门
2
18
21
0
5
9
18
28
46
65
92
120
148
194
249
314
388
480
582
693
831
1016
1247
1524
19
21
0
6
13
25
38
63
89
127
165
203
267
343
432
533
660
800
952
1143
1397
1714
2095
51110014
45级武器蓝_青云门
2
18
21
0
6
12
25
37
62
86
123
160
197
259
333
419
517
640
776
924
1108
1355
1663
2032
19
21
0
8
17
34
51
85
119
169
220
271
356
457
576
711
881
1067
1270
1524
1863
2286
2794
51110015
45级武器紫_青云门
2
18
21
0
8
17
34
51
85
119
169
220
271
356
457
576
711
881
1067
1270
1524
1863
2286
2794
19
21
0
12
23
47
70
116
163
233
303
373
489
629
792
978
1211
1467
1746
2095
2561
3143
3842
51110016
45级武器橙_青云门
2
18
21
0
12
23
46
69
115
162
231
300
369
485
623
785
970
1201
1455
1732
2078
2540
3117
3810
19
21
0
16
32
63
95
159
222
317
413
508
667
857
1079
1333
1651
2000
2381
2857
3492
4286
5239
51110017
60级武器绿_青云门
2
18
21
0
5
10
21
31
52
72
103
135
166
217
279
352
435
538
652
776
931
1138
1397
1707
19
21
0
7
14
28
43
71
100
142
185
228
299
384
484
598
740
896
1067
1280
1565
1921
2347
51110018
60级武器蓝_青云门
2
18
21
0
7
14
28
41
69
97
138
179
221
290
372
469
579
717
869
1035
1242
1518
1862
2276
19
21
0
9
19
38
57
95
133
190
247
304
398
512
645
797
986
1195
1423
1707
2087
2561
3130
51110019
60级武器紫_青云门
2
18
21
0
9
19
38
57
95
133
190
247
304
398
512
645
797
986
1195
1423
1707
2087
2561
3130
19
21
0
13
26
52
78
130
183
261
339
417
548
704
887
1095
1356
1643
1956
2347
2869
3521
4304
51110020
60级武器橙_青云门
2
18
21
0
13
26
52
78
129
181
259
336
414
543
698
879
1086
1345
1630
1940
2328
2845
3492
4268
19
21
0
18
36
71
107
178
249
356
462
569
747
960
1209
1494
1850
2241
2668
3201
3912
4802
5869
51110021
60级武器红_青云门
2
18
21
0
17
34
69
103
172
241
345
448
552
724
931
1173
1449
1793
2173
2587
3104
3794
4656
5691
19
21
0
24
47
95
142
237
332
474
617
759
996
1280
1612
1992
2466
2988
3557
4268
5217
6402
7825
51110022
75级武器绿_青云门
2
18
21
0
6
12
25
37
62
87
125
162
199
262
337
424
524
648
785
935
1122
1371
1683
2057
19
21
0
9
17
34
51
86
120
171
223
274
360
463
583
720
891
1080
1285
1542
1885
2314
2828
51110023
75级武器蓝_青云门
2
18
21
0
8
17
33
50
83
116
166
216
266
349
449
565
698
864
1047
1246
1496
1828
2244
2742
19
21
0
11
23
46
69
114
160
229
297
366
480
617
777
960
1188
1440
1714
2057
2514
3085
3770
51110024
75级武器紫_青云门
2
18
21
0
11
23
46
69
114
160
229
297
366
480
617
777
960
1188
1440
1714
2057
2514
3085
3770
19
21
0
16
31
63
94
157
220
314
408
503
660
848
1068
1320
1634
1979
2357
2828
3456
4242
5184
51110025
75级武器橙_青云门
2
18
21
0
16
31
62
93
156
218
312
405
499
654
841
1059
1309
1620
1963
2337
2804
3428
4207
5142
19
21
0
21
43
86
129
214
300
428
557
686
900
1157
1457
1800
2228
2699
3213
3856
4713
5784
7070
51110026
75级武器红_青云门
2
18
21
0
21
42
83
125
208
291
415
540
665
873
1122
1413
1745
2160
2618
3116
3739
4570
5609
6855
19
21
0
29
57
114
171
286
400
571
743
914
1200
1542
1942
2399
2971
3599
4285
5142
6284
7712
9426
51110027
90级武器绿_青云门
2
18
21
0
7
14
27
41
68
95
136
177
218
286
368
464
573
709
859
1023
1227
1500
1841
2250
19
21
0
9
19
38
56
94
131
188
244
300
394
506
638
788
975
1181
1406
1688
2063
2531
3094
51110028
90级武器蓝_青云门
2
18
21
0
9
18
36
55
91
127
182
236
291
382
491
618
764
946
1146
1364
1636
2000
2455
3000
19
21
0
13
25
50
75
125
175
250
325
400
525
675
850
1050
1300
1575
1875
2250
2750
3375
4125
51110029
90级武器紫_青云门
2
18
21
0
13
25
50
75
125
175
250
325
400
525
675
850
1050
1300
1575
1875
2250
2750
3375
4125
19
21
0
17
34
69
103
172
241
344
447
550
722
928
1169
1444
1788
2166
2578
3094
3781
4641
5672
51110030
90级武器橙_青云门
2
18
21
0
17
34
68
102
170
239
341
443
545
716
921
1159
1432
1773
2148
2557
3068
3750
4603
5625
19
21
0
23
47
94
141
234
328
469
609
750
984
1266
1594
1969
2438
2953
3516
4219
5157
6328
7735
51110031
90级武器红_青云门
2
18
21
0
23
45
91
136
227
318
455
591
727
955
1227
1546
1909
2364
2864
3409
4091
5000
6137
7500
19
21
0
31
63
125
188
313
438
625
813
1000
1313
1688
2125
2625
3250
3938
4688
5625
6875
8438
10313
51210001
1级衣服绿_青云门
1
20
21
0
2
3
6
10
16
23
32
42
52
68
87
110
136
168
204
243
292
356
437
535
51210002
1级衣服蓝_青云门
1
20
21
0
2
4
9
13
22
30
43
56
69
91
117
147
181
225
272
324
389
475
583
713
51210003
1级衣服紫_青云门
1
20
21
0
3
6
12
18
30
42
59
77
95
125
160
202
249
309
374
446
535
653
802
980
51210004
1级衣服橙_青云门
1
20
21
0
4
8
16
24
41
57
81
105
130
170
219
275
340
421
510
608
729
891
1094
1337
51210005
15级衣服绿_青云门
1
20
21
0
2
5
9
14
23
32
45
59
72
95
122
154
190
235
285
340
408
498
611
747
51210006
15级衣服蓝_青云门
1
20
21
0
3
6
12
18
30
42
60
78
97
127
163
205
254
314
380
453
543
664
815
996
51210007
15级衣服紫_青云门
1
20
21
0
4
8
17
25
42
58
83
108
133
174
224
282
349
432
523
623
747
913
1121
1370
51210008
15级衣服橙_青云门
1
20
21
0
6
11
23
34
57
79
113
147
181
238
306
385
475
589
713
849
1019
1245
1528
1868
51210009
30级衣服绿_青云门
1
20
21
0
3
6
12
18
29
41
58
76
94
123
158
199
246
304
368
439
526
643
789
965
51210010
30级衣服蓝_青云门
1
20
21
0
4
8
16
23
39
55
78
101
125
164
211
265
327
405
491
585
702
858
1053
1287
51210011
30级衣服紫_青云门
1
20
21
0
5
11
21
32
54
75
107
139
172
225
289
365
450
558
675
804
965
1179
1447
1769
51210012
30级衣服橙_青云门
1
20
21
0
7
15
29
44
73
102
146
190
234
307
395
497
614
760
921
1096
1316
1608
1974
2412
51210013
45级衣服绿_青云门
1
20
21
0
3
7
14
21
35
48
69
90
111
145
187
236
291
360
436
520
623
762
935
1143
51210014
45级衣服蓝_青云门
1
20
21
0
5
9
18
28
46
65
92
120
148
194
249
314
388
480
582
693
831
1016
1247
1524
51210015
45级衣服紫_青云门
1
20
21
0
6
13
25
38
63
89
127
165
203
267
343
432
533
660
800
952
1143
1397
1714
2095
51210016
45级衣服橙_青云门
1
20
21
0
9
17
35
52
87
121
173
225
277
364
468
589
727
901
1091
1299
1559
1905
2338
2857
51210017
60级衣服绿_青云门
1
20
21
0
4
8
16
23
39
54
78
101
124
163
210
264
326
404
489
582
698
854
1048
1280
51210018
60级衣服蓝_青云门
1
20
21
0
5
10
21
31
52
72
103
135
166
217
279
352
435
538
652
776
931
1138
1397
1707
51210019
60级衣服紫_青云门
1
20
21
0
7
14
28
43
71
100
142
185
228
299
384
484
598
740
896
1067
1280
1565
1921
2347
51210020
60级衣服橙_青云门
1
20
21
0
10
19
39
58
97
136
194
252
310
407
524
660
815
1009
1222
1455
1746
2134
2619
3201
51210021
60级衣服红_青云门
1
20
21
0
13
26
52
78
129
181
259
336
414
543
698
879
1086
1345
1630
1940
2328
2845
3492
4268
51210022
75级衣服绿_青云门
1
20
21
0
5
9
19
28
47
65
93
122
150
196
252
318
393
486
589
701
841
1028
1262
1542
51210023
75级衣服蓝_青云门
1
20
21
0
6
12
25
37
62
87
125
162
199
262
337
424
524
648
785
935
1122
1371
1683
2057
51210024
75级衣服紫_青云门
1
20
21
0
9
17
34
51
86
120
171
223
274
360
463
583
720
891
1080
1285
1542
1885
2314
2828
51210025
75级衣服橙_青云门
1
20
21
0
12
23
47
70
117
164
234
304
374
491
631
795
982
1215
1472
1753
2103
2571
3155
3856
51210026
75级衣服红_青云门
1
20
21
0
16
31
62
93
156
218
312
405
499
654
841
1059
1309
1620
1963
2337
2804
3428
4207
5142
51210027
90级衣服绿_青云门
1
20
21
0
5
10
20
31
51
72
102
133
164
215
276
348
430
532
644
767
921
1125
1381
1688
51210028
90级衣服蓝_青云门
1
20
21
0
7
14
27
41
68
95
136
177
218
286
368
464
573
709
859
1023
1227
1500
1841
2250
51210029
90级衣服紫_青云门
1
20
21
0
9
19
38
56
94
131
188
244
300
394
506
638
788
975
1181
1406
1688
2063
2531
3094
51210030
90级衣服橙_青云门
1
20
21
0
13
26
51
77
128
179
256
332
409
537
690
869
1074
1330
1611
1918
2301
2813
3452
4219
51210031
90级衣服红_青云门
1
20
21
0
17
34
68
102
170
239
341
443
545
716
921
1159
1432
1773
2148
2557
3068
3750
4603
5625
51310001
1级帽子绿_青云门
1
16
21
0
72
144
288
432
720
1008
1440
1872
2304
3024
3888
4896
6048
7488
9072
10800
12960
15840
19440
23760
51310002
1级帽子蓝_青云门
1
16
21
0
96
192
384
576
960
1344
1920
2496
3072
4032
5184
6528
8064
9984
12096
14400
17280
21120
25920
31680
51310003
1级帽子紫_青云门
1
16
21
0
132
264
528
792
1320
1848
2640
3432
4224
5544
7128
8976
11088
13728
16632
19800
23760
29040
35640
43560
51310004
1级帽子橙_青云门
1
16
21
0
180
360
720
1080
1800
2520
3600
4680
5760
7560
9720
12240
15120
18720
22680
27000
32400
39600
48600
59400
51310005
15级帽子绿_青云门
1
16
21
0
84
167
334
502
836
1170
1672
2174
2675
3511
4514
5685
7022
8694
10533
12539
15047
18391
22571
27587
51310006
15级帽子蓝_青云门
1
16
21
0
111
223
446
669
1115
1560
2229
2898
3567
4681
6019
7579
9363
11592
14044
16719
20063
24522
30095
36782
51310007
15级帽子紫_青云门
1
16
21
0
153
307
613
920
1533
2146
3065
3985
4904
6437
8276
10422
12874
15939
19311
22989
27587
33717
41380
50576
51310008
15级帽子橙_青云门
1
16
21
0
209
418
836
1254
2090
2926
4180
5434
6688
8778
11285
14211
17555
21735
26333
31349
37618
45978
56427
68967
51310009
30级帽子绿_青云门
1
16
21
0
114
228
457
685
1142
1598
2283
2969
3654
4795
6165
7764
9591
11874
14386
17126
20551
25118
30827
37677
51310010
30级帽子蓝_青云门
1
16
21
0
152
304
609
913
1522
2131
3045
3958
4871
6394
8221
10352
12787
15832
19181
22835
27402
33491
41103
50236
51310011
30级帽子紫_青云门
1
16
21
0
209
419
837
1256
2093
2930
4186
5442
6698
8791
11303
14234
17583
21769
26374
31398
37677
46050
56516
69075
51310012
30级帽子橙_青云门
1
16
21
0
285
571
1142
1713
2854
3996
5709
7421
9134
11988
15413
19410
23976
29685
35965
42815
51378
62795
77067
94193
51310013
45级帽子绿_青云门
1
16
21
0
140
280
561
841
1401
1962
2803
3643
4484
5886
7567
9529
11771
14574
17657
21020
25224
30830
37836
46244
51310014
45级帽子蓝_青云门
1
16
21
0
187
374
747
1121
1868
2616
3737
4858
5979
7848
10090
12706
15695
19432
23543
28027
33632
41106
50448
61659
51310015
45级帽子紫_青云门
1
16
21
0
257
514
1028
1541
2569
3597
5138
6680
8221
10790
13873
17470
21581
26719
32371
38537
46244
56521
69367
84781
51310016
45级帽子橙_青云门
1
16
21
0
350
701
1401
2102
3503
4905
7007
9109
11211
14714
18918
23823
29428
36435
44142
52550
63061
77074
94591
115611
51310017
60级帽子绿_青云门
1
16
21
0
180
360
720
1080
1801
2521
3602
4682
5762
7563
9724
12245
15126
18728
22690
27012
32414
39617
48621
59425
51310018
60级帽子蓝_青云门
1
16
21
0
240
480
960
1441
2401
3361
4802
6243
7683
10084
12966
16327
20169
24971
30253
36015
43219
52823
64828
79234
51310019
60级帽子紫_青云门
1
16
21
0
330
660
1321
1981
3301
4622
6603
8584
10565
13866
17828
22450
27732
34335
41598
49521
59425
72631
89138
108947
51310020
60级帽子橙_青云门
1
16
21
0
450
900
1801
2701
4502
6303
9004
11705
14406
18908
24310
30613
37816
46820
56724
67529
81035
99042
121552
148564
51310021
60级帽子红_青云门
1
16
21
0
600
1201
2401
3602
6003
8404
12005
15607
19208
25211
32414
40817
50422
62427
75632
90039
108046
132057
162069
198085
51310022
75级帽子绿_青云门
1
16
21
0
278
556
1113
1669
2782
3895
5565
7234
8904
11686
15025
18920
23372
28937
35058
41735
50083
61212
75124
91818
51310023
75级帽子蓝_青云门
1
16
21
0
371
742
1484
2226
3710
5194
7420
9646
11871
15581
20033
25227
31162
38582
46744
55647
66777
81616
100165
122424
51310024
75级帽子紫_青云门
1
16
21
0
510
1020
2040
3061
5101
7141
10202
13263
16323
21424
27545
34687
42848
53050
64273
76515
91818
112222
137727
168333
51310025
75级帽子橙_青云门
1
16
21
0
696
1391
2782
4174
6956
9738
13912
18085
22259
29215
37562
47300
58430
72341
87644
104339
125206
153030
187810
229545
51310026
75级帽子红_青云门
1
16
21
0
927
1855
3710
5565
9275
12984
18549
24114
29679
38953
50083
63067
77906
96455
116859
139118
166942
204040
250413
306060
51310027
90级帽子绿_青云门
1
16
21
0
341
682
1364
2046
3411
4775
6821
8868
10914
14325
18417
23192
28649
35470
42974
51159
61391
75033
92086
112550
51310028
90级帽子蓝_青云门
1
16
21
0
455
909
1819
2728
4547
6366
9095
11823
14552
19099
24556
30923
38199
47294
57298
68212
81855
100045
122782
150067
51310029
90级帽子紫_青云门
1
16
21
0
625
1251
2501
3752
6253
8754
12506
16257
20009
26262
33765
42519
52523
65029
78785
93792
112550
137561
168825
206342
51310030
90级帽子橙_青云门
1
16
21
0
853
1705
3411
5116
8527
11937
17053
22169
27285
35811
46043
57980
71623
88676
107434
127898
153477
187583
230216
281375
51310031
90级帽子红_青云门
1
16
21
0
1137
2274
4547
6821
11369
15916
22737
29559
36380
47749
61391
77307
95497
118234
143246
170530
204636
250111
306955
375167
51410001
1级鞋子绿_青云门
1
16
21
0
72
144
288
432
720
1008
1440
1872
2304
3024
3888
4896
6048
7488
9072
10800
12960
15840
19440
23760
51410002
1级鞋子蓝_青云门
1
16
21
0
96
192
384
576
960
1344
1920
2496
3072
4032
5184
6528
8064
9984
12096
14400
17280
21120
25920
31680
51410003
1级鞋子紫_青云门
1
16
21
0
132
264
528
792
1320
1848
2640
3432
4224
5544
7128
8976
11088
13728
16632
19800
23760
29040
35640
43560
51410004
1级鞋子橙_青云门
1
16
21
0
180
360
720
1080
1800
2520
3600
4680
5760
7560
9720
12240
15120
18720
22680
27000
32400
39600
48600
59400
51410005
15级鞋子绿_青云门
1
16
21
0
84
167
334
502
836
1170
1672
2174
2675
3511
4514
5685
7022
8694
10533
12539
15047
18391
22571
27587
51410006
15级鞋子蓝_青云门
1
16
21
0
111
223
446
669
1115
1560
2229
2898
3567
4681
6019
7579
9363
11592
14044
16719
20063
24522
30095
36782
51410007
15级鞋子紫_青云门
1
16
21
0
153
307
613
920
1533
2146
3065
3985
4904
6437
8276
10422
12874
15939
19311
22989
27587
33717
41380
50576
51410008
15级鞋子橙_青云门
1
16
21
0
209
418
836
1254
2090
2926
4180
5434
6688
8778
11285
14211
17555
21735
26333
31349
37618
45978
56427
68967
51410009
30级鞋子绿_青云门
1
16
21
0
114
228
457
685
1142
1598
2283
2969
3654
4795
6165
7764
9591
11874
14386
17126
20551
25118
30827
37677
51410010
30级鞋子蓝_青云门
1
16
21
0
152
304
609
913
1522
2131
3045
3958
4871
6394
8221
10352
12787
15832
19181
22835
27402
33491
41103
50236
51410011
30级鞋子紫_青云门
1
16
21
0
209
419
837
1256
2093
2930
4186
5442
6698
8791
11303
14234
17583
21769
26374
31398
37677
46050
56516
69075
51410012
30级鞋子橙_青云门
1
16
21
0
285
571
1142
1713
2854
3996
5709
7421
9134
11988
15413
19410
23976
29685
35965
42815
51378
62795
77067
94193
51410013
45级鞋子绿_青云门
1
16
21
0
140
280
561
841
1401
1962
2803
3643
4484
5886
7567
9529
11771
14574
17657
21020
25224
30830
37836
46244
51410014
45级鞋子蓝_青云门
1
16
21
0
187
374
747
1121
1868
2616
3737
4858
5979
7848
10090
12706
15695
19432
23543
28027
33632
41106
50448
61659
51410015
45级鞋子紫_青云门
1
16
21
0
257
514
1028
1541
2569
3597
5138
6680
8221
10790
13873
17470
21581
26719
32371
38537
46244
56521
69367
84781
51410016
45级鞋子橙_青云门
1
16
21
0
350
701
1401
2102
3503
4905
7007
9109
11211
14714
18918
23823
29428
36435
44142
52550
63061
77074
94591
115611
51410017
60级鞋子绿_青云门
1
16
21
0
180
360
720
1080
1801
2521
3602
4682
5762
7563
9724
12245
15126
18728
22690
27012
32414
39617
48621
59425
51410018
60级鞋子蓝_青云门
1
16
21
0
240
480
960
1441
2401
3361
4802
6243
7683
10084
12966
16327
20169
24971
30253
36015
43219
52823
64828
79234
51410019
60级鞋子紫_青云门
1
16
21
0
330
660
1321
1981
3301
4622
6603
8584
10565
13866
17828
22450
27732
34335
41598
49521
59425
72631
89138
108947
51410020
60级鞋子橙_青云门
1
16
21
0
450
900
1801
2701
4502
6303
9004
11705
14406
18908
24310
30613
37816
46820
56724
67529
81035
99042
121552
148564
51410021
60级鞋子红_青云门
1
16
21
0
600
1201
2401
3602
6003
8404
12005
15607
19208
25211
32414
40817
50422
62427
75632
90039
108046
132057
162069
198085
51410022
75级鞋子绿_青云门
1
16
21
0
278
556
1113
1669
2782
3895
5565
7234
8904
11686
15025
18920
23372
28937
35058
41735
50083
61212
75124
91818
51410023
75级鞋子蓝_青云门
1
16
21
0
371
742
1484
2226
3710
5194
7420
9646
11871
15581
20033
25227
31162
38582
46744
55647
66777
81616
100165
122424
51410024
75级鞋子紫_青云门
1
16
21
0
510
1020
2040
3061
5101
7141
10202
13263
16323
21424
27545
34687
42848
53050
64273
76515
91818
112222
137727
168333
51410025
75级鞋子橙_青云门
1
16
21
0
696
1391
2782
4174
6956
9738
13912
18085
22259
29215
37562
47300
58430
72341
87644
104339
125206
153030
187810
229545
51410026
75级鞋子红_青云门
1
16
21
0
927
1855
3710
5565
9275
12984
18549
24114
29679
38953
50083
63067
77906
96455
116859
139118
166942
204040
250413
306060
51410027
90级鞋子绿_青云门
1
16
21
0
341
682
1364
2046
3411
4775
6821
8868
10914
14325
18417
23192
28649
35470
42974
51159
61391
75033
92086
112550
51410028
90级鞋子蓝_青云门
1
16
21
0
455
909
1819
2728
4547
6366
9095
11823
14552
19099
24556
30923
38199
47294
57298
68212
81855
100045
122782
150067
51410029
90级鞋子紫_青云门
1
16
21
0
625
1251
2501
3752
6253
8754
12506
16257
20009
26262
33765
42519
52523
65029
78785
93792
112550
137561
168825
206342
51410030
90级鞋子橙_青云门
1
16
21
0
853
1705
3411
5116
8527
11937
17053
22169
27285
35811
46043
57980
71623
88676
107434
127898
153477
187583
230216
281375
51410031
90级鞋子红_青云门
1
16
21
0
1137
2274
4547
6821
11369
15916
22737
29559
36380
47749
61391
77307
95497
118234
143246
170530
204636
250111
306955
375167
51120001
1级武器绿_天音寺
2
18
21
0
2
4
8
11
19
26
38
49
60
79
102
129
159
197
238
284
340
416
510
624
19
21
0
3
5
11
16
27
38
54
70
86
113
146
184
227
281
340
405
486
594
729
891
51120002
1级武器蓝_天音寺
2
18
21
0
3
5
10
15
25
35
50
66
81
106
136
171
212
262
318
378
454
554
680
832
19
21
0
4
7
14
22
36
50
72
94
115
151
194
245
302
374
454
540
648
792
972
1188
51120003
1级武器紫_天音寺
2
18
21
0
3
7
14
21
35
49
69
90
111
146
187
236
291
360
437
520
624
762
936
1143
19
21
0
5
10
20
30
50
69
99
129
158
208
267
337
416
515
624
743
891
1089
1337
1634
51120004
1级武器橙_天音寺
2
18
21
0
5
9
19
28
47
66
95
123
151
198
255
321
397
491
595
709
851
1040
1276
1559
19
21
0
7
14
27
41
68
95
135
176
216
284
365
459
567
702
851
1013
1215
1485
1823
2228
51120005
15级武器绿_天音寺
2
18
21
0
3
5
11
16
26
37
53
69
85
111
143
180
222
275
333
396
475
581
713
872
19
21
0
4
8
15
23
38
53
75
98
121
158
204
257
317
392
475
566
679
830
1019
1245
51120006
15级武器蓝_天音寺
2
18
21
0
4
7
14
21
35
49
70
92
113
148
190
239
296
366
444
528
634
775
951
1162
19
21
0
5
10
20
30
50
70
101
131
161
211
272
342
423
523
634
755
906
1107
1358
1660
51120007
15级武器紫_天音寺
2
18
21
0
5
10
19
29
48
68
97
126
155
203
261
329
407
504
610
726
872
1065
1307
1598
19
21
0
7
14
28
42
69
97
138
180
221
291
374
470
581
719
872
1038
1245
1522
1868
2283
51120008
15级武器橙_天音寺
2
18
21
0
7
13
26
40
66
92
132
172
211
277
357
449
555
687
832
991
1189
1453
1783
2179
19
21
0
9
19
38
57
94
132
189
245
302
396
509
641
792
981
1189
1415
1698
2075
2547
3113
51120009
30级武器绿_天音寺
2
18
21
0
3
7
14
20
34
48
68
89
109
143
184
232
287
355
430
512
614
750
921
1126
19
21
0
5
10
19
29
49
68
97
127
156
205
263
331
409
507
614
731
877
1072
1316
1608
51120010
30级武器蓝_天音寺
2
18
21
0
5
9
18
27
45
64
91
118
146
191
246
309
382
473
573
682
819
1001
1228
1501
19
21
0
6
13
26
39
65
91
130
169
208
273
351
442
546
676
819
975
1170
1429
1754
2144
51120011
30级武器紫_天音寺
2
18
21
0
6
13
25
38
63
88
125
163
200
263
338
425
525
650
788
938
1126
1376
1689
2064
19
21
0
9
18
36
54
89
125
179
232
286
375
482
608
750
929
1126
1340
1608
1966
2412
2948
51120012
30级武器橙_天音寺
2
18
21
0
9
17
34
51
85
119
171
222
273
358
461
580
716
887
1075
1279
1535
1876
2303
2814
19
21
0
12
24
49
73
122
171
244
317
390
512
658
828
1023
1267
1535
1827
2193
2680
3289
4020
51120013
45级武器绿_天音寺
2
18
21
0
4
8
16
24
40
57
81
105
129
170
218
275
339
420
509
606
727
889
1091
1333
19
21
0
6
12
23
35
58
81
115
150
185
242
312
393
485
600
727
866
1039
1270
1559
1905
51120014
45级武器蓝_天音寺
2
18
21
0
5
11
22
32
54
75
108
140
172
226
291
366
453
560
679
808
970
1185
1455
1778
19
21
0
8
15
31
46
77
108
154
200
246
323
416
523
647
800
970
1155
1385
1693
2078
2540
51120015
45级武器紫_天音寺
2
18
21
0
7
15
30
44
74
104
148
193
237
311
400
504
622
770
933
1111
1333
1630
2000
2445
19
21
0
11
21
42
63
106
148
212
275
339
444
571
720
889
1101
1333
1587
1905
2328
2857
3492
51120016
45级武器橙_天音寺
2
18
21
0
10
20
40
61
101
141
202
263
323
424
546
687
849
1051
1273
1515
1818
2222
2728
3334
19
21
0
14
29
58
87
144
202
289
375
462
606
779
981
1212
1501
1818
2165
2598
3175
3896
4762
51120017
60级武器绿_天音寺
2
18
21
0
5
9
18
27
45
63
91
118
145
190
244
308
380
471
570
679
815
996
1222
1494
19
21
0
6
13
26
39
65
91
129
168
207
272
349
440
543
673
815
970
1164
1423
1746
2134
51120018
60级武器蓝_天音寺
2
18
21
0
6
12
24
36
60
84
121
157
193
253
326
410
507
628
760
905
1086
1328
1630
1992
19
21
0
9
17
34
52
86
121
172
224
276
362
466
586
724
897
1086
1293
1552
1897
2328
2845
51120019
60级武器紫_天音寺
2
18
21
0
8
17
33
50
83
116
166
216
266
349
448
564
697
863
1046
1245
1494
1826
2241
2739
19
21
0
12
24
47
71
119
166
237
308
379
498
640
806
996
1233
1494
1778
2134
2608
3201
3912
51120020
60级武器橙_天音寺
2
18
21
0
11
23
45
68
113
158
226
294
362
475
611
770
951
1177
1426
1698
2037
2490
3056
3735
19
21
0
16
32
65
97
162
226
323
420
517
679
873
1099
1358
1681
2037
2425
2910
3557
4365
5335
51120021
60级武器红_天音寺
2
18
21
0
15
30
60
91
151
211
302
392
483
634
815
1026
1267
1569
1901
2263
2716
3320
4074
4979
19
21
0
22
43
86
129
216
302
431
560
690
905
1164
1466
1811
2242
2716
3233
3880
4742
5820
7114
51120022
75级武器绿_天音寺
2
18
21
0
5
11
22
33
55
76
109
142
175
229
294
371
458
567
687
818
982
1200
1472
1800
19
21
0
8
16
31
47
78
109
156
203
249
327
421
530
654
810
982
1169
1402
1714
2103
2571
51120023
75级武器蓝_天音寺
2
18
21
0
7
15
29
44
73
102
145
189
233
305
393
494
611
756
916
1091
1309
1600
1963
2399
19
21
0
10
21
42
62
104
145
208
270
332
436
561
706
873
1080
1309
1558
1870
2285
2804
3428
51120024
75级武器紫_天音寺
2
18
21
0
10
20
40
60
100
140
200
260
320
420
540
680
840
1040
1260
1500
1800
2199
2699
3299
19
21
0
14
29
57
86
143
200
286
371
457
600
771
971
1200
1485
1800
2142
2571
3142
3856
4713
51120025
75级武器橙_天音寺
2
18
21
0
14
27
55
82
136
191
273
354
436
573
736
927
1145
1418
1718
2045
2454
2999
3681
4499
19
21
0
19
39
78
117
195
273
390
506
623
818
1052
1324
1636
2025
2454
2921
3506
4285
5258
6427
51120026
75级武器红_天音寺
2
18
21
0
18
36
73
109
182
254
364
473
582
763
982
1236
1527
1890
2290
2727
3272
3999
4908
5998
19
21
0
26
52
104
156
260
364
519
675
831
1091
1402
1766
2181
2701
3272
3895
4674
5713
7011
8569
51120027
90级武器绿_天音寺
2
18
21
0
6
12
24
36
60
84
119
155
191
251
322
406
501
620
752
895
1074
1313
1611
1969
19
21
0
9
17
34
51
85
119
170
222
273
358
460
580
716
886
1074
1278
1534
1875
2301
2813
51120028
90级武器蓝_天音寺
2
18
21
0
8
16
32
48
80
111
159
207
255
334
430
541
668
827
1002
1193
1432
1750
2148
2625
19
21
0
11
23
45
68
114
159
227
295
364
477
614
773
955
1182
1432
1705
2046
2500
3068
3750
51120029
90级武器紫_天音寺
2
18
21
0
11
22
44
66
109
153
219
284
350
459
591
744
919
1138
1378
1641
1969
2406
2953
3610
19
21
0
16
31
63
94
156
219
313
406
500
656
844
1063
1313
1625
1969
2344
2813
3438
4219
5157
51120030
90级武器橙_天音寺
2
18
21
0
15
30
60
89
149
209
298
388
477
626
805
1014
1253
1551
1879
2237
2685
3281
4027
4922
19
21
0
21
43
85
128
213
298
426
554
682
895
1151
1449
1790
2216
2685
3196
3835
4688
5753
7032
51120031
90级武器红_天音寺
2
18
21
0
20
40
80
119
199
278
398
517
636
835
1074
1352
1671
2068
2506
2983
3580
4375
5370
6563
19
21
0
28
57
114
170
284
398
568
739
909
1193
1534
1932
2387
2955
3580
4262
5114
6250
7671
9376
51220001
1级衣服绿_天音寺
1
20
21
0
2
4
7
11
18
25
35
46
56
74
95
119
147
183
221
263
316
386
474
579
51220002
1级衣服蓝_天音寺
1
20
21
0
2
5
9
14
23
33
47
61
75
98
126
159
197
243
295
351
421
515
632
772
51220003
1级衣服紫_天音寺
1
20
21
0
3
6
13
19
32
45
64
84
103
135
174
219
270
335
405
483
579
708
869
1062
51220004
1级衣服橙_天音寺
1
20
21
0
4
9
18
26
44
61
88
114
140
184
237
298
369
456
553
658
790
965
1185
1448
51220005
15级衣服绿_天音寺
1
20
21
0
2
5
10
15
25
34
49
64
78
103
132
167
206
255
309
368
441
540
662
809
51220006
15级衣服蓝_天音寺
1
20
21
0
3
7
13
20
33
46
65
85
105
137
177
222
275
340
412
491
589
719
883
1079
51220007
15级衣服紫_天音寺
1
20
21
0
4
9
18
27
45
63
90
117
144
189
243
306
378
468
567
675
809
989
1214
1484
51220008
15级衣服橙_天音寺
1
20
21
0
6
12
25
37
61
86
123
159
196
258
331
417
515
638
773
920
1104
1349
1656
2024
51220009
30级衣服绿_天音寺
1
20
21
0
3
6
13
19
32
44
63
82
101
133
171
215
266
329
399
475
570
697
855
1045
51220010
30级衣服蓝_天音寺
1
20
21
0
4
8
17
25
42
59
84
110
135
177
228
287
355
439
532
634
760
929
1140
1394
51220011
30级衣服紫_天音寺
1
20
21
0
6
12
23
35
58
81
116
151
186
244
314
395
488
604
732
871
1045
1278
1568
1916
51220012
30级衣服橙_天音寺
1
20
21
0
8
16
32
48
79
111
158
206
253
333
428
538
665
824
998
1188
1425
1742
2138
2613
51220013
45级衣服绿_天音寺
1
20
21
0
4
8
15
23
38
53
75
98
120
158
203
255
315
390
473
563
675
825
1013
1238
51220014
45级衣服蓝_天音寺
1
20
21
0
5
10
20
30
50
70
100
130
160
210
270
340
420
520
630
750
901
1101
1351
1651
51220015
45级衣服紫_天音寺
1
20
21
0
7
14
28
41
69
96
138
179
220
289
371
468
578
715
867
1032
1238
1513
1857
2270
51220016
45级衣服橙_天音寺
1
20
21
0
9
19
38
56
94
131
188
244
300
394
507
638
788
976
1182
1407
1688
2064
2533
3096
51220017
60级衣服绿_天音寺
1
20
21
0
4
8
17
25
42
59
84
109
135
177
227
286
353
437
530
631
757
925
1135
1387
51220018
60级衣服蓝_天音寺
1
20
21
0
6
11
22
34
56
78
112
146
179
235
303
381
471
583
706
841
1009
1233
1513
1850
51220019
60级衣服紫_天音寺
1
20
21
0
8
15
31
46
77
108
154
200
247
324
416
524
647
801
971
1156
1387
1695
2081
2543
51220020
60级衣服橙_天音寺
1
20
21
0
11
21
42
63
105
147
210
273
336
441
567
715
883
1093
1324
1576
1892
2312
2837
3468
51220021
60级衣服红_天音寺
1
20
21
0
14
28
56
84
140
196
280
364
448
588
757
953
1177
1457
1765
2102
2522
3083
3783
4624
51220022
75级衣服绿_天音寺
1
20
21
0
5
10
20
30
51
71
101
132
162
213
273
344
425
527
638
760
911
1114
1367
1671
51220023
75级衣服蓝_天音寺
1
20
21
0
7
14
27
41
68
95
135
176
216
284
365
459
567
702
851
1013
1215
1485
1823
2228
51220024
75级衣服紫_天音寺
1
20
21
0
9
19
37
56
93
130
186
241
297
390
501
631
780
965
1170
1392
1671
2042
2506
3063
51220025
75级衣服橙_天音寺
1
20
21
0
13
25
51
76
127
177
253
329
405
532
684
861
1063
1317
1595
1899
2279
2785
3418
4177
51220026
75级衣服红_天音寺
1
20
21
0
17
34
68
101
169
236
338
439
540
709
911
1148
1418
1755
2127
2532
3038
3713
4557
5570
51220027
90级衣服绿_天音寺
1
20
21
0
6
11
22
33
55
78
111
144
177
233
299
377
465
576
698
831
997
1219
1496
1828
51220028
90级衣服蓝_天音寺
1
20
21
0
7
15
30
44
74
103
148
192
236
310
399
502
620
768
931
1108
1330
1625
1994
2438
51220029
90级衣服紫_天音寺
1
20
21
0
10
20
41
61
102
142
203
264
325
427
548
691
853
1056
1280
1524
1828
2235
2742
3352
51220030
90级衣服橙_天音寺
1
20
21
0
14
28
55
83
139
194
277
360
443
582
748
942
1163
1440
1745
2078
2493
3047
3740
4571
51220031
90级衣服红_天音寺
1
20
21
0
18
37
74
111
185
259
369
480
591
776
997
1256
1551
1921
2327
2770
3324
4063
4986
6094
51320001
1级帽子绿_天音寺
1
16
21
0
81
162
324
486
810
1134
1620
2106
2592
3402
4374
5508
6804
8424
10206
12150
14580
17820
21870
26730
51320002
1级帽子蓝_天音寺
1
16
21
0
108
216
432
648
1080
1512
2160
2808
3456
4536
5832
7344
9072
11232
13608
16200
19440
23760
29160
35640
51320003
1级帽子紫_天音寺
1
16
21
0
149
297
594
891
1485
2079
2970
3861
4752
6237
8019
10098
12474
15444
18711
22275
26730
32670
40095
49005
51320004
1级帽子橙_天音寺
1
16
21
0
203
405
810
1215
2025
2835
4050
5265
6480
8505
10935
13770
17010
21060
25515
30375
36450
44550
54675
66825
51320005
15级帽子绿_天音寺
1
16
21
0
94
188
376
564
940
1317
1881
2445
3009
3950
5078
6395
7900
9781
11850
14107
16928
20690
25392
31035
51320006
15级帽子蓝_天音寺
1
16
21
0
125
251
502
752
1254
1756
2508
3260
4013
5267
6771
8527
10533
13041
15800
18809
22571
27587
33856
41380
51320007
15级帽子紫_天音寺
1
16
21
0
172
345
690
1035
1724
2414
3448
4483
5517
7242
9311
11724
14483
17931
21725
25863
31035
37932
46553
56898
51320008
15级帽子橙_天音寺
1
16
21
0
235
470
940
1411
2351
3292
4702
6113
7524
9875
12696
15988
19750
24452
29624
35267
42321
51725
63481
77588
51320009
30级帽子绿_天音寺
1
16
21
0
128
257
514
771
1284
1798
2569
3340
4110
5395
6936
8734
10789
13358
16184
19267
23120
28258
34680
42387
51320010
30级帽子蓝_天音寺
1
16
21
0
171
343
685
1028
1713
2398
3425
4453
5480
7193
9248
11646
14386
17811
21579
25689
30827
37677
46240
56516
51320011
30级帽子紫_天音寺
1
16
21
0
235
471
942
1413
2355
3297
4710
6123
7535
9890
12716
16013
19781
24490
29671
35322
42387
51806
63580
77709
51320012
30级帽子橙_天音寺
1
16
21
0
321
642
1284
1927
3211
4496
6422
8349
10276
13487
17340
21836
26974
33396
40460
48167
57800
70645
86701
105967
51320013
45级帽子绿_天音寺
1
16
21
0
158
315
631
946
1577
2207
3153
4099
5045
6621
8513
10720
13243
16396
19864
23648
28377
34683
42566
52025
51320014
45级帽子蓝_天音寺
1
16
21
0
210
420
841
1261
2102
2943
4204
5465
6726
8828
11351
14294
17657
21861
26485
31530
37836
46244
56754
69367
51320015
45级帽子紫_天音寺
1
16
21
0
289
578
1156
1734
2890
4046
5781
7515
9249
12139
15607
19654
24278
30059
36417
43354
52025
63586
78037
95379
51320016
45级帽子橙_天音寺
1
16
21
0
394
788
1577
2365
3941
5518
7883
10247
12612
16553
21283
26801
33107
40989
49660
59119
70943
86708
106415
130062
51320017
60级帽子绿_天音寺
1
16
21
0
203
405
810
1216
2026
2836
4052
5267
6483
8509
10940
13776
17017
21069
25526
30388
36466
44569
54698
66854
51320018
60级帽子蓝_天音寺
1
16
21
0
270
540
1080
1621
2701
3782
5402
7023
8644
11345
14586
18368
22690
28092
34035
40517
48621
59425
72931
89138
51320019
60级帽子紫_天音寺
1
16
21
0
371
743
1486
2228
3714
5200
7428
9657
11885
15599
20056
25256
31198
38627
46798
55711
66854
81710
100280
122565
51320020
60级帽子橙_天音寺
1
16
21
0
506
1013
2026
3039
5065
7091
10129
13168
16207
21272
27349
34440
42543
52673
63815
75970
91164
111423
136746
167134
51320021
60级帽子红_天音寺
1
16
21
0
675
1351
2701
4052
6753
9454
13506
17558
21609
28362
36466
45920
56724
70230
85086
101293
121552
148564
182328
222845
51320022
75级帽子绿_天音寺
1
16
21
0
313
626
1252
1878
3130
4382
6260
8138
10017
13147
16903
21285
26293
32554
39440
46952
56343
68863
84514
103295
51320023
75级帽子蓝_天音寺
1
16
21
0
417
835
1669
2504
4174
5843
8347
10851
13355
17529
22537
28380
35058
43405
52587
62603
75124
91818
112686
137727
51320024
75级帽子紫_天音寺
1
16
21
0
574
1148
2295
3443
5739
8034
11477
14920
18364
24102
30989
39023
48204
59682
72307
86079
103295
126250
154943
189375
51320025
75级帽子橙_天音寺
1
16
21
0
783
1565
3130
4695
7825
10956
15651
20346
25041
32867
42257
53213
65733
81384
98600
117381
140857
172159
211286
258238
51320026
75级帽子红_天音寺
1
16
21
0
1043
2087
4174
6260
10434
14607
20868
27128
33388
43822
56343
70950
87644
108512
131467
156508
187810
229545
281714
344317
51320027
90级帽子绿_天音寺
1
16
21
0
384
767
1535
2302
3837
5372
7674
9976
12278
16115
20719
26091
32230
39904
48345
57554
69065
84413
103597
126619
51320028
90级帽子蓝_天音寺
1
16
21
0
512
1023
2046
3070
5116
7162
10232
13301
16371
21487
27626
34788
42974
53205
64460
76739
92086
112550
138130
168825
51320029
90级帽子紫_天音寺
1
16
21
0
703
1407
2814
4221
7034
9848
14069
18289
22510
29544
37986
47834
59089
73158
88633
105516
126619
154756
189928
232135
51320030
90级帽子橙_天音寺
1
16
21
0
959
1918
3837
5755
9592
13429
19185
24940
30695
40288
51799
65228
80576
99760
120863
143885
172662
211031
258993
316547
51320031
90级帽子红_天音寺
1
16
21
0
1279
2558
5116
7674
12790
17906
25580
33253
40927
53717
69065
86971
107434
133014
161151
191847
230216
281375
345324
422063
51420001
1级鞋子绿_天音寺
1
16
21
0
81
162
324
486
810
1134
1620
2106
2592
3402
4374
5508
6804
8424
10206
12150
14580
17820
21870
26730
51420002
1级鞋子蓝_天音寺
1
16
21
0
108
216
432
648
1080
1512
2160
2808
3456
4536
5832
7344
9072
11232
13608
16200
19440
23760
29160
35640
51420003
1级鞋子紫_天音寺
1
16
21
0
149
297
594
891
1485
2079
2970
3861
4752
6237
8019
10098
12474
15444
18711
22275
26730
32670
40095
49005
51420004
1级鞋子橙_天音寺
1
16
21
0
203
405
810
1215
2025
2835
4050
5265
6480
8505
10935
13770
17010
21060
25515
30375
36450
44550
54675
66825
51420005
15级鞋子绿_天音寺
1
16
21
0
94
188
376
564
940
1317
1881
2445
3009
3950
5078
6395
7900
9781
11850
14107
16928
20690
25392
31035
51420006
15级鞋子蓝_天音寺
1
16
21
0
125
251
502
752
1254
1756
2508
3260
4013
5267
6771
8527
10533
13041
15800
18809
22571
27587
33856
41380
51420007
15级鞋子紫_天音寺
1
16
21
0
172
345
690
1035
1724
2414
3448
4483
5517
7242
9311
11724
14483
17931
21725
25863
31035
37932
46553
56898
51420008
15级鞋子橙_天音寺
1
16
21
0
235
470
940
1411
2351
3292
4702
6113
7524
9875
12696
15988
19750
24452
29624
35267
42321
51725
63481
77588
51420009
30级鞋子绿_天音寺
1
16
21
0
128
257
514
771
1284
1798
2569
3340
4110
5395
6936
8734
10789
13358
16184
19267
23120
28258
34680
42387
51420010
30级鞋子蓝_天音寺
1
16
21
0
171
343
685
1028
1713
2398
3425
4453
5480
7193
9248
11646
14386
17811
21579
25689
30827
37677
46240
56516
51420011
30级鞋子紫_天音寺
1
16
21
0
235
471
942
1413
2355
3297
4710
6123
7535
9890
12716
16013
19781
24490
29671
35322
42387
51806
63580
77709
51420012
30级鞋子橙_天音寺
1
16
21
0
321
642
1284
1927
3211
4496
6422
8349
10276
13487
17340
21836
26974
33396
40460
48167
57800
70645
86701
105967
51420013
45级鞋子绿_天音寺
1
16
21
0
158
315
631
946
1577
2207
3153
4099
5045
6621
8513
10720
13243
16396
19864
23648
28377
34683
42566
52025
51420014
45级鞋子蓝_天音寺
1
16
21
0
210
420
841
1261
2102
2943
4204
5465
6726
8828
11351
14294
17657
21861
26485
31530
37836
46244
56754
69367
51420015
45级鞋子紫_天音寺
1
16
21
0
289
578
1156
1734
2890
4046
5781
7515
9249
12139
15607
19654
24278
30059
36417
43354
52025
63586
78037
95379
51420016
45级鞋子橙_天音寺
1
16
21
0
394
788
1577
2365
3941
5518
7883
10247
12612
16553
21283
26801
33107
40989
49660
59119
70943
86708
106415
130062
51420017
60级鞋子绿_天音寺
1
16
21
0
203
405
810
1216
2026
2836
4052
5267
6483
8509
10940
13776
17017
21069
25526
30388
36466
44569
54698
66854
51420018
60级鞋子蓝_天音寺
1
16
21
0
270
540
1080
1621
2701
3782
5402
7023
8644
11345
14586
18368
22690
28092
34035
40517
48621
59425
72931
89138
51420019
60级鞋子紫_天音寺
1
16
21
0
371
743
1486
2228
3714
5200
7428
9657
11885
15599
20056
25256
31198
38627
46798
55711
66854
81710
100280
122565
51420020
60级鞋子橙_天音寺
1
16
21
0
506
1013
2026
3039
5065
7091
10129
13168
16207
21272
27349
34440
42543
52673
63815
75970
91164
111423
136746
167134
51420021
60级鞋子红_天音寺
1
16
21
0
675
1351
2701
4052
6753
9454
13506
17558
21609
28362
36466
45920
56724
70230
85086
101293
121552
148564
182328
222845
51420022
75级鞋子绿_天音寺
1
16
21
0
313
626
1252
1878
3130
4382
6260
8138
10017
13147
16903
21285
26293
32554
39440
46952
56343
68863
84514
103295
51420023
75级鞋子蓝_天音寺
1
16
21
0
417
835
1669
2504
4174
5843
8347
10851
13355
17529
22537
28380
35058
43405
52587
62603
75124
91818
112686
137727
51420024
75级鞋子紫_天音寺
1
16
21
0
574
1148
2295
3443
5739
8034
11477
14920
18364
24102
30989
39023
48204
59682
72307
86079
103295
126250
154943
189375
51420025
75级鞋子橙_天音寺
1
16
21
0
783
1565
3130
4695
7825
10956
15651
20346
25041
32867
42257
53213
65733
81384
98600
117381
140857
172159
211286
258238
51420026
75级鞋子红_天音寺
1
16
21
0
1043
2087
4174
6260
10434
14607
20868
27128
33388
43822
56343
70950
87644
108512
131467
156508
187810
229545
281714
344317
51420027
90级鞋子绿_天音寺
1
16
21
0
384
767
1535
2302
3837
5372
7674
9976
12278
16115
20719
26091
32230
39904
48345
57554
69065
84413
103597
126619
51420028
90级鞋子蓝_天音寺
1
16
21
0
512
1023
2046
3070
5116
7162
10232
13301
16371
21487
27626
34788
42974
53205
64460
76739
92086
112550
138130
168825
51420029
90级鞋子紫_天音寺
1
16
21
0
703
1407
2814
4221
7034
9848
14069
18289
22510
29544
37986
47834
59089
73158
88633
105516
126619
154756
189928
232135
51420030
90级鞋子橙_天音寺
1
16
21
0
959
1918
3837
5755
9592
13429
19185
24940
30695
40288
51799
65228
80576
99760
120863
143885
172662
211031
258993
316547
51420031
90级鞋子红_天音寺
1
16
21
0
1279
2558
5116
7674
12790
17906
25580
33253
40927
53717
69065
86971
107434
133014
161151
191847
230216
281375
345324
422063
51130001
1级武器绿_鬼王宗
2
18
21
0
2
5
9
14
23
32
46
60
73
96
124
156
193
239
289
344
413
505
620
757
19
21
0
3
6
12
19
31
43
62
81
99
130
168
211
261
323
391
466
559
683
838
1025
51130002
1级武器蓝_鬼王宗
2
18
21
0
3
6
12
18
31
43
61
80
98
129
165
208
257
318
386
459
551
673
826
1010
19
21
0
4
8
17
25
41
58
83
108
132
174
224
282
348
431
522
621
745
911
1118
1366
51130003
1级武器紫_鬼王宗
2
18
21
0
4
8
17
25
42
59
84
109
135
177
227
286
353
438
530
631
757
926
1136
1388
19
21
0
6
11
23
34
57
80
114
148
182
239
307
387
478
592
717
854
1025
1252
1537
1879
51130004
1级武器橙_鬼王宗
2
18
21
0
6
11
23
34
57
80
115
149
184
241
310
390
482
597
723
861
1033
1262
1549
1893
19
21
0
8
16
31
47
78
109
155
202
248
326
419
528
652
807
978
1164
1397
1708
2096
2562
51130005
15级武器绿_鬼王宗
2
18
21
0
3
6
13
19
32
45
64
83
103
135
173
218
269
334
404
481
577
706
866
1058
19
21
0
4
9
17
26
43
61
87
113
139
182
234
295
365
451
547
651
781
955
1172
1432
51130006
15级武器蓝_鬼王宗
2
18
21
0
4
9
17
26
43
60
86
111
137
180
231
291
359
445
539
641
770
941
1155
1411
19
21
0
6
12
23
35
58
81
116
150
185
243
312
393
486
602
729
868
1041
1273
1562
1909
51130007
15级武器紫_鬼王宗
2
18
21
0
6
12
24
35
59
82
118
153
188
247
318
400
494
612
741
882
1058
1294
1588
1940
19
21
0
8
16
32
48
80
111
159
207
255
334
430
541
668
827
1002
1193
1432
1750
2148
2625
51130008
15级武器橙_鬼王宗
2
18
21
0
8
16
32
48
80
112
160
208
257
337
433
545
674
834
1010
1203
1443
1764
2165
2646
19
21
0
11
22
43
65
108
152
217
282
347
456
586
738
911
1128
1367
1627
1953
2387
2929
3580
51130009
30级武器绿_鬼王宗
2
18
21
0
4
8
17
25
41
58
83
108
133
174
224
282
348
431
522
621
746
911
1118
1367
19
21
0
6
11
22
34
56
78
112
146
179
235
303
381
471
583
706
841
1009
1233
1513
1849
51130010
30级武器蓝_鬼王宗
2
18
21
0
6
11
22
33
55
77
110
144
177
232
298
376
464
574
696
828
994
1215
1491
1823
19
21
0
7
15
30
45
75
105
149
194
239
314
404
508
628
777
942
1121
1345
1644
2018
2466
51130011
30级武器紫_鬼王宗
2
18
21
0
8
15
30
46
76
106
152
197
243
319
410
516
638
790
957
1139
1367
1671
2050
2506
19
21
0
10
21
41
62
103
144
205
267
329
432
555
699
863
1069
1295
1541
1849
2260
2774
3391
51130012
30级武器橙_鬼王宗
2
18
21
0
10
21
41
62
104
145
207
269
331
435
559
704
870
1077
1305
1553
1864
2278
2796
3417
19
21
0
14
28
56
84
140
196
280
364
448
588
757
953
1177
1457
1765
2102
2522
3082
3783
4624
51130013
45级武器绿_鬼王宗
2
18
21
0
5
10
20
29
49
69
98
128
157
206
265
334
412
510
618
736
883
1079
1325
1619
19
21
0
7
13
27
40
66
93
133
173
212
279
358
451
558
690
836
996
1195
1460
1792
2191
51130014
45级武器蓝_鬼王宗
2
18
21
0
7
13
26
39
65
92
131
170
209
275
353
445
550
680
824
981
1178
1439
1766
2159
19
21
0
9
18
35
53
89
124
177
230
283
372
478
602
744
921
1115
1328
1593
1947
2390
2921
51130015
45级武器紫_鬼王宗
2
18
21
0
9
18
36
54
90
126
180
234
288
378
486
612
756
936
1133
1349
1619
1979
2429
2969
19
21
0
12
24
49
73
122
170
243
316
389
511
657
828
1022
1266
1533
1826
2191
2678
3286
4016
51130016
45级武器橙_鬼王宗
2
18
21
0
12
25
49
74
123
172
245
319
393
515
662
834
1030
1276
1546
1840
2208
2699
3312
4048
19
21
0
17
33
66
100
166
232
332
432
531
697
896
1129
1394
1726
2091
2489
2987
3651
4481
5477
51130017
60级武器绿_鬼王宗
2
18
21
0
5
11
22
33
55
77
110
143
176
231
297
374
462
572
693
825
989
1209
1484
1814
19
21
0
7
15
30
45
74
104
149
193
238
312
402
506
625
773
937
1116
1339
1636
2008
2454
51130018
60级武器蓝_鬼王宗
2
18
21
0
7
15
29
44
73
103
147
191
235
308
396
498
616
762
923
1099
1319
1612
1979
2419
19
21
0
10
20
40
59
99
139
198
258
317
416
535
674
833
1031
1249
1487
1785
2181
2677
3272
51130019
60级武器紫_鬼王宗
2
18
21
0
10
20
40
60
101
141
202
262
322
423
544
685
847
1048
1270
1512
1814
2217
2721
3326
19
21
0
14
27
55
82
136
191
273
354
436
573
736
927
1145
1418
1718
2045
2454
3000
3681
4499
51130020
60级武器橙_鬼王宗
2
18
21
0
14
27
55
82
137
192
275
357
440
577
742
934
1154
1429
1731
2061
2474
3023
3710
4535
19
21
0
19
37
74
112
186
260
372
483
595
781
1004
1264
1562
1934
2343
2789
3347
4090
5020
6135
51130021
60级武器红_鬼王宗
2
18
21
0
18
37
73
110
183
257
366
476
586
770
989
1246
1539
1906
2309
2748
3298
4031
4947
6046
19
21
0
25
50
99
149
248
347
496
645
793
1041
1339
1686
2082
2578
3123
3718
4462
5454
6693
8181
51130022
75级武器绿_鬼王宗
2
18
21
0
7
13
26
40
66
93
132
172
212
278
358
450
556
689
834
993
1192
1457
1788
2185
19
21
0
9
18
36
54
90
125
179
233
287
376
484
609
753
932
1129
1344
1613
1971
2419
2956
51130023
75级武器蓝_鬼王宗
2
18
21
0
9
18
35
53
88
124
177
230
283
371
477
600
742
918
1112
1324
1589
1942
2384
2914
19
21
0
12
24
48
72
119
167
239
311
382
502
645
812
1003
1242
1505
1792
2150
2628
3225
3942
51130024
75级武器紫_鬼王宗
2
18
21
0
12
24
49
73
121
170
243
316
388
510
656
825
1020
1263
1530
1821
2185
2671
3278
4006
19
21
0
16
33
66
99
164
230
328
427
526
690
887
1117
1380
1708
2069
2464
2956
3613
4435
5420
51130025
75级武器橙_鬼王宗
2
18
21
0
17
33
66
99
166
232
331
430
530
695
894
1126
1391
1722
2086
2483
2980
3642
4470
5463
19
21
0
22
45
90
134
224
314
448
582
717
941
1209
1523
1881
2329
2822
3360
4031
4927
6047
7391
51130026
75级武器红_鬼王宗
2
18
21
0
22
44
88
132
221
309
441
574
706
927
1192
1501
1854
2296
2781
3311
3973
4856
5959
7284
19
21
0
30
60
119
179
299
418
597
776
956
1254
1613
2031
2508
3106
3763
4479
5375
6570
8063
9855
51130027
90级武器绿_鬼王宗
2
18
21
0
7
14
29
43
72
101
145
188
232
304
391
493
609
753
913
1087
1304
1594
1956
2391
19
21
0
10
20
39
59
98
137
196
255
314
412
529
667
823
1019
1235
1470
1764
2156
2646
3235
51130028
90级武器蓝_鬼王宗
2
18
21
0
10
19
39
58
97
135
193
251
309
406
522
657
811
1005
1217
1449
1739
2125
2608
3188
19
21
0
13
26
52
78
131
183
261
340
418
549
706
889
1098
1359
1647
1960
2352
2875
3529
4313
51130029
90级武器紫_鬼王宗
2
18
21
0
13
27
53
80
133
186
266
345
425
558
717
903
1116
1381
1674
1992
2391
2922
3586
4383
19
21
0
18
36
72
108
180
252
359
467
575
755
970
1222
1509
1869
2264
2695
3235
3953
4852
5930
51130030
90级武器橙_鬼王宗
2
18
21
0
18
36
72
109
181
254
362
471
580
761
978
1232
1521
1884
2282
2717
3260
3985
4890
5977
19
21
0
25
49
98
147
245
343
490
637
784
1029
1323
1666
2058
2548
3088
3676
4411
5391
6616
8086
51130031
90级武器红_鬼王宗
2
18
21
0
24
48
97
145
241
338
483
628
773
1014
1304
1642
2029
2512
3043
3622
4347
5313
6520
7969
19
21
0
33
65
131
196
327
457
653
849
1046
1372
1764
2222
2744
3398
4117
4901
5881
7188
8822
10782
51230001
1级衣服绿_鬼王宗
1
20
21
0
1
3
6
9
15
21
30
39
48
62
80
101
125
154
187
223
267
327
401
490
51230002
1级衣服蓝_鬼王宗
1
20
21
0
2
4
8
12
20
28
40
51
63
83
107
135
166
206
249
297
356
436
535
653
51230003
1级衣服紫_鬼王宗
1
20
21
0
3
5
11
16
27
38
54
71
87
114
147
185
229
283
343
408
490
599
735
898
51230004
1级衣服橙_鬼王宗
1
20
21
0
4
7
15
22
37
52
74
97
119
156
200
252
312
386
468
557
668
817
1002
1225
51230005
15级衣服绿_鬼王宗
1
20
21
0
2
4
8
12
21
29
42
54
66
87
112
141
174
216
261
311
374
457
560
685
51230006
15级衣服蓝_鬼王宗
1
20
21
0
3
6
11
17
28
39
55
72
89
116
149
188
232
288
349
415
498
609
747
913
51230007
15级衣服紫_鬼王宗
1
20
21
0
4
8
15
23
38
53
76
99
122
160
205
259
320
396
479
571
685
837
1027
1256
51230008
15级衣服橙_鬼王宗
1
20
21
0
5
10
21
31
52
73
104
135
166
218
280
353
436
540
654
778
934
1141
1401
1712
51230009
30级衣服绿_鬼王宗
1
20
21
0
3
5
11
16
27
38
54
70
86
113
145
182
225
279
338
402
482
590
724
884
51230010
30级衣服蓝_鬼王宗
1
20
21
0
4
7
14
21
36
50
71
93
114
150
193
243
300
372
450
536
643
786
965
1179
51230011
30级衣服紫_鬼王宗
1
20
21
0
5
10
20
29
49
69
98
128
157
206
265
334
413
511
619
737
884
1081
1327
1622
51230012
30级衣服橙_鬼王宗
1
20
21
0
7
13
27
40
67
94
134
174
214
281
362
456
563
697
844
1005
1206
1474
1809
2211
51230013
45级衣服绿_鬼王宗
1
20
21
0
3
6
13
19
32
44
63
83
102
133
171
216
267
330
400
476
571
698
857
1048
51230014
45级衣服蓝_鬼王宗
1
20
21
0
4
8
17
25
42
59
85
110
135
178
229
288
356
440
533
635
762
931
1143
1397
51230015
45级衣服紫_鬼王宗
1
20
21
0
6
12
23
35
58
81
116
151
186
244
314
396
489
605
733
873
1048
1281
1572
1921
51230016
45级衣服橙_鬼王宗
1
20
21
0
8
16
32
48
79
111
159
206
254
333
429
540
667
825
1000
1191
1429
1746
2143
2619
51230017
60级衣服绿_鬼王宗
1
20
21
0
4
7
14
21
36
50
71
92
114
149
192
242
299
370
448
534
640
782
960
1174
51230018
60级衣服蓝_鬼王宗
1
20
21
0
5
9
19
28
47
66
95
123
152
199
256
322
398
493
598
711
854
1043
1280
1565
51230019
60级衣服紫_鬼王宗
1
20
21
0
7
13
26
39
65
91
130
170
209
274
352
443
548
678
822
978
1174
1435
1761
2152
51230020
60级衣服橙_鬼王宗
1
20
21
0
9
18
36
53
89
124
178
231
285
373
480
605
747
925
1120
1334
1601
1956
2401
2934
51230021
60级衣服红_鬼王宗
1
20
21
0
12
24
47
71
119
166
237
308
379
498
640
806
996
1233
1494
1778
2134
2608
3201
3912
51230022
75级衣服绿_鬼王宗
1
20
21
0
4
9
17
26
43
60
86
111
137
180
231
291
360
446
540
643
771
943
1157
1414
51230023
75级衣服蓝_鬼王宗
1
20
21
0
6
11
23
34
57
80
114
149
183
240
308
388
480
594
720
857
1028
1257
1542
1885
51230024
75级衣服紫_鬼王宗
1
20
21
0
8
16
31
47
79
110
157
204
251
330
424
534
660
817
990
1178
1414
1728
2121
2592
51230025
75级衣服橙_鬼王宗
1
20
21
0
11
21
43
64
107
150
214
278
343
450
578
728
900
1114
1350
1607
1928
2357
2892
3535
51230026
75级衣服红_鬼王宗
1
20
21
0
14
29
57
86
143
200
286
371
457
600
771
971
1200
1485
1800
2142
2571
3142
3856
4713
51230027
90级衣服绿_鬼王宗
1
20
21
0
5
9
19
28
47
66
94
122
150
197
253
319
394
488
591
703
844
1031
1266
1547
51230028
90级衣服蓝_鬼王宗
1
20
21
0
6
13
25
38
63
88
125
163
200
263
338
425
525
650
788
938
1125
1375
1688
2063
51230029
90级衣服紫_鬼王宗
1
20
21
0
9
17
34
52
86
120
172
223
275
361
464
584
722
894
1083
1289
1547
1891
2320
2836
51230030
90级衣服橙_鬼王宗
1
20
21
0
12
23
47
70
117
164
234
305
375
492
633
797
984
1219
1477
1758
2109
2578
3164
3867
51230031
90级衣服红_鬼王宗
1
20
21
0
16
31
63
94
156
219
313
406
500
656
844
1063
1313
1625
1969
2344
2813
3438
4219
5157
51330001
1级帽子绿_鬼王宗
1
16
21
0
68
135
270
405
675
945
1350
1755
2160
2835
3645
4590
5670
7020
8505
10125
12150
14850
18225
22275
51330002
1级帽子蓝_鬼王宗
1
16
21
0
90
180
360
540
900
1260
1800
2340
2880
3780
4860
6120
7560
9360
11340
13500
16200
19800
24300
29700
51330003
1级帽子紫_鬼王宗
1
16
21
0
124
248
495
743
1238
1733
2475
3218
3960
5198
6683
8415
10395
12870
15593
18563
22275
27225
33413
40838
51330004
1级帽子橙_鬼王宗
1
16
21
0
169
338
675
1013
1688
2363
3375
4388
5400
7088
9113
11475
14175
17550
21263
25313
30375
37125
45563
55688
51330005
15级帽子绿_鬼王宗
1
16
21
0
78
157
313
470
784
1097
1567
2038
2508
3292
4232
5329
6583
8151
9875
11756
14107
17242
21160
25863
51330006
15级帽子蓝_鬼王宗
1
16
21
0
104
209
418
627
1045
1463
2090
2717
3344
4389
5643
7106
8778
10868
13166
15674
18809
22989
28214
34483
51330007
15级帽子紫_鬼王宗
1
16
21
0
144
287
575
862
1437
2012
2874
3736
4598
6035
7759
9770
12069
14943
18104
21552
25863
31610
38794
47415
51330008
15级帽子橙_鬼王宗
1
16
21
0
196
392
784
1176
1959
2743
3919
5094
6270
8229
10580
13323
16458
20377
24687
29389
35267
43104
52901
64656
51330009
30级帽子绿_鬼王宗
1
16
21
0
107
214
428
642
1070
1499
2141
2783
3425
4496
5780
7279
8991
11132
13487
16056
19267
23548
28900
35322
51330010
30级帽子蓝_鬼王宗
1
16
21
0
143
285
571
856
1427
1998
2854
3711
4567
5994
7707
9705
11988
14843
17982
21408
25689
31398
38534
47097
51330011
30级帽子紫_鬼王宗
1
16
21
0
196
392
785
1177
1962
2747
3925
5102
6280
8242
10597
13344
16484
20409
24726
29435
35322
43172
52984
64758
51330012
30级帽子橙_鬼王宗
1
16
21
0
268
535
1070
1606
2676
3746
5352
6957
8563
11239
14450
18196
22478
27830
33717
40139
48167
58871
72250
88306
51330013
45级帽子绿_鬼王宗
1
16
21
0
131
263
526
788
1314
1839
2628
3416
4204
5518
7094
8934
11036
13663
16553
19706
23648
28903
35472
43354
51330014
45级帽子蓝_鬼王宗
1
16
21
0
175
350
701
1051
1752
2452
3503
4554
5605
7357
9459
11911
14714
18217
22071
26275
31530
38537
47295
57805
51330015
45级帽子紫_鬼王宗
1
16
21
0
241
482
963
1445
2409
3372
4817
6262
7707
10116
13006
16378
20232
25049
30348
36128
43354
52988
65031
79483
51330016
45级帽子橙_鬼王宗
1
16
21
0
328
657
1314
1971
3284
4598
6569
8539
10510
13794
17736
22334
27589
34158
41383
49266
59119
72257
88679
108385
51330017
60级帽子绿_鬼王宗
1
16
21
0
169
338
675
1013
1688
2364
3376
4389
5402
7091
9116
11480
14181
17558
21272
25323
30388
37141
45582
55711
51330018
60级帽子蓝_鬼王宗
1
16
21
0
225
450
900
1351
2251
3151
4502
5853
7203
9454
12155
15307
18908
23410
28362
33764
40517
49521
60776
74282
51330019
60级帽子紫_鬼王宗
1
16
21
0
310
619
1238
1857
3095
4333
6190
8047
9904
12999
16713
21047
25999
32189
38998
46426
55711
68092
83567
102138
51330020
60级帽子橙_鬼王宗
1
16
21
0
422
844
1688
2532
4221
5909
8441
10973
13506
17726
22791
28700
35453
43894
53179
63308
75970
92852
113955
139278
51330021
60级帽子红_鬼王宗
1
16
21
0
563
1125
2251
3376
5627
7878
11255
14631
18008
23635
30388
38266
47270
58525
70905
84411
101293
123803
151940
185705
51330022
75级帽子绿_鬼王宗
1
16
21
0
261
522
1043
1565
2608
3652
5217
6782
8347
10956
14086
17738
21911
27128
32867
39127
46952
57386
70429
86079
51330023
75级帽子蓝_鬼王宗
1
16
21
0
348
696
1391
2087
3478
4869
6956
9043
11129
14607
18781
23650
29215
36171
43822
52169
62603
76515
93905
114772
51330024
75级帽子紫_鬼王宗
1
16
21
0
478
956
1913
2869
4782
6695
9564
12434
15303
20085
25824
32519
40170
49735
60256
71733
86079
105208
129119
157812
51330025
75级帽子橙_鬼王宗
1
16
21
0
652
1304
2608
3913
6521
9130
13042
16955
20868
27389
35214
44344
54778
67820
82167
97817
117381
143466
176071
215198
51330026
75级帽子红_鬼王宗
1
16
21
0
869
1739
3478
5217
8695
12173
17390
22607
27824
36519
46952
59125
73037
90427
109556
130423
156508
191287
234762
286931
51330027
90级帽子绿_鬼王宗
1
16
21
0
320
639
1279
1918
3197
4476
6395
8313
10232
13429
17266
21743
26859
33253
40288
47962
57554
70344
86331
105516
51330028
90级帽子蓝_鬼王宗
1
16
21
0
426
853
1705
2558
4263
5969
8527
11084
13642
17906
23022
28990
35811
44338
53717
63949
76739
93792
115108
140688
51330029
90级帽子紫_鬼王宗
1
16
21
0
586
1172
2345
3517
5862
8207
11724
15241
18758
24620
31655
39861
49241
60965
73861
87930
105516
128964
158274
193445
51330030
90级帽子橙_鬼王宗
1
16
21
0
799
1599
3197
4796
7994
11191
15987
20783
25580
33573
43166
54357
67146
83134
100720
119904
143885
175859
215828
263789
51330031
90级帽子红_鬼王宗
1
16
21
0
1066
2132
4263
6395
10658
14921
21316
27711
34106
44764
57554
72475
89528
110845
134293
159872
191847
234479
287770
351719
51430001
1级鞋子绿_鬼王宗
1
16
21
0
68
135
270
405
675
945
1350
1755
2160
2835
3645
4590
5670
7020
8505
10125
12150
14850
18225
22275
51430002
1级鞋子蓝_鬼王宗
1
16
21
0
90
180
360
540
900
1260
1800
2340
2880
3780
4860
6120
7560
9360
11340
13500
16200
19800
24300
29700
51430003
1级鞋子紫_鬼王宗
1
16
21
0
124
248
495
743
1238
1733
2475
3218
3960
5198
6683
8415
10395
12870
15593
18563
22275
27225
33413
40838
51430004
1级鞋子橙_鬼王宗
1
16
21
0
169
338
675
1013
1688
2363
3375
4388
5400
7088
9113
11475
14175
17550
21263
25313
30375
37125
45563
55688
51430005
15级鞋子绿_鬼王宗
1
16
21
0
78
157
313
470
784
1097
1567
2038
2508
3292
4232
5329
6583
8151
9875
11756
14107
17242
21160
25863
51430006
15级鞋子蓝_鬼王宗
1
16
21
0
104
209
418
627
1045
1463
2090
2717
3344
4389
5643
7106
8778
10868
13166
15674
18809
22989
28214
34483
51430007
15级鞋子紫_鬼王宗
1
16
21
0
144
287
575
862
1437
2012
2874
3736
4598
6035
7759
9770
12069
14943
18104
21552
25863
31610
38794
47415
51430008
15级鞋子橙_鬼王宗
1
16
21
0
196
392
784
1176
1959
2743
3919
5094
6270
8229
10580
13323
16458
20377
24687
29389
35267
43104
52901
64656
51430009
30级鞋子绿_鬼王宗
1
16
21
0
107
214
428
642
1070
1499
2141
2783
3425
4496
5780
7279
8991
11132
13487
16056
19267
23548
28900
35322
51430010
30级鞋子蓝_鬼王宗
1
16
21
0
143
285
571
856
1427
1998
2854
3711
4567
5994
7707
9705
11988
14843
17982
21408
25689
31398
38534
47097
51430011
30级鞋子紫_鬼王宗
1
16
21
0
196
392
785
1177
1962
2747
3925
5102
6280
8242
10597
13344
16484
20409
24726
29435
35322
43172
52984
64758
51430012
30级鞋子橙_鬼王宗
1
16
21
0
268
535
1070
1606
2676
3746
5352
6957
8563
11239
14450
18196
22478
27830
33717
40139
48167
58871
72250
88306
51430013
45级鞋子绿_鬼王宗
1
16
21
0
131
263
526
788
1314
1839
2628
3416
4204
5518
7094
8934
11036
13663
16553
19706
23648
28903
35472
43354
51430014
45级鞋子蓝_鬼王宗
1
16
21
0
175
350
701
1051
1752
2452
3503
4554
5605
7357
9459
11911
14714
18217
22071
26275
31530
38537
47295
57805
51430015
45级鞋子紫_鬼王宗
1
16
21
0
241
482
963
1445
2409
3372
4817
6262
7707
10116
13006
16378
20232
25049
30348
36128
43354
52988
65031
79483
51430016
45级鞋子橙_鬼王宗
1
16
21
0
328
657
1314
1971
3284
4598
6569
8539
10510
13794
17736
22334
27589
34158
41383
49266
59119
72257
88679
108385
51430017
60级鞋子绿_鬼王宗
1
16
21
0
169
338
675
1013
1688
2364
3376
4389
5402
7091
9116
11480
14181
17558
21272
25323
30388
37141
45582
55711
51430018
60级鞋子蓝_鬼王宗
1
16
21
0
225
450
900
1351
2251
3151
4502
5853
7203
9454
12155
15307
18908
23410
28362
33764
40517
49521
60776
74282
51430019
60级鞋子紫_鬼王宗
1
16
21
0
310
619
1238
1857
3095
4333
6190
8047
9904
12999
16713
21047
25999
32189
38998
46426
55711
68092
83567
102138
51430020
60级鞋子橙_鬼王宗
1
16
21
0
422
844
1688
2532
4221
5909
8441
10973
13506
17726
22791
28700
35453
43894
53179
63308
75970
92852
113955
139278
51430021
60级鞋子红_鬼王宗
1
16
21
0
563
1125
2251
3376
5627
7878
11255
14631
18008
23635
30388
38266
47270
58525
70905
84411
101293
123803
151940
185705
51430022
75级鞋子绿_鬼王宗
1
16
21
0
261
522
1043
1565
2608
3652
5217
6782
8347
10956
14086
17738
21911
27128
32867
39127
46952
57386
70429
86079
51430023
75级鞋子蓝_鬼王宗
1
16
21
0
348
696
1391
2087
3478
4869
6956
9043
11129
14607
18781
23650
29215
36171
43822
52169
62603
76515
93905
114772
51430024
75级鞋子紫_鬼王宗
1
16
21
0
478
956
1913
2869
4782
6695
9564
12434
15303
20085
25824
32519
40170
49735
60256
71733
86079
105208
129119
157812
51430025
75级鞋子橙_鬼王宗
1
16
21
0
652
1304
2608
3913
6521
9130
13042
16955
20868
27389
35214
44344
54778
67820
82167
97817
117381
143466
176071
215198
51430026
75级鞋子红_鬼王宗
1
16
21
0
869
1739
3478
5217
8695
12173
17390
22607
27824
36519
46952
59125
73037
90427
109556
130423
156508
191287
234762
286931
51430027
90级鞋子绿_鬼王宗
1
16
21
0
320
639
1279
1918
3197
4476
6395
8313
10232
13429
17266
21743
26859
33253
40288
47962
57554
70344
86331
105516
51430028
90级鞋子蓝_鬼王宗
1
16
21
0
426
853
1705
2558
4263
5969
8527
11084
13642
17906
23022
28990
35811
44338
53717
63949
76739
93792
115108
140688
51430029
90级鞋子紫_鬼王宗
1
16
21
0
586
1172
2345
3517
5862
8207
11724
15241
18758
24620
31655
39861
49241
60965
73861
87930
105516
128964
158274
193445
51430030
90级鞋子橙_鬼王宗
1
16
21
0
799
1599
3197
4796
7994
11191
15987
20783
25580
33573
43166
54357
67146
83134
100720
119904
143885
175859
215828
263789
51430031
90级鞋子红_鬼王宗
1
16
21
0
1066
2132
4263
6395
10658
14921
21316
27711
34106
44764
57554
72475
89528
110845
134293
159872
191847
234479
287770
351719
51900001
测试用装备_武器
1
16
21
0
0
0
0
0
0
0
0
0
0
0
0
0
0
0
0
0
0
0
0
0
51900002
测试用装备_衣服
1
16
21
0
0
0
0
0
0
0
0
0
0
0
0
0
0
0
0
0
0
0
0
0
51900003
测试用装备_帽子
1
16
21
0
0
0
0
0
0
0
0
0
0
0
0
0
0
0
0
0
0
0
0
0
51900004
测试用装备_鞋
1
16
21
0
0
0
0
0
0
0
0
0
0
0
0
0
0
0
0
0
0
0
0
0
51900005
测试用装备_武器
1
16
21
0
0
0
0
0
0
0
0
0
0
0
0
0
0
0
0
0
0
0
0
0
51900006
测试用装备_衣服
1
16
21
0
0
0
0
0
0
0
0
0
0
0
0
0
0
0
0
0
0
0
0
0
51900007
测试用装备_帽子
1
16
21
0
0
0
0
0
0
0
0
0
0
0
0
0
0
0
0
0
0
0
0
0
51900008
测试用装备_鞋
1
16
21
0
0
0
0
0
0
0
0
0
0
0
0
0
0
0
0
0
0
0
0
0
51900009
15级非R
1
16
21
0
0
0
0
0
0
0
0
0
0
0
0
0
0
0
0
0
0
0
0
0
51900010
15级小R
1
16
21
0
0
0
0
0
0
0
0
0
0
0
0
0
0
0
0
0
0
0
0
0
51900011
30级非R
1
16
21
0
0
0
0
0
0
0
0
0
0
0
0
0
0
0
0
0
0
0
0
0
51900012
30级小R
1
16
21
0
0
0
0
0
0
0
0
0
0
0
0
0
0
0
0
0
0
0
0
0
51900013
30级大R
1
16
21
0
0
0
0
0
0
0
0
0
0
0
0
0
0
0
0
0
0
0
0
0
51900014
首充武器
2
18
21
0
10
19
39
58
97
136
195
253
312
409
526
663
819
1014
1228
1462
1754
2144
2632
3216
19
21
0
13
27
54
80
134
188
268
348
429
563
724
911
1126
1394
1689
2010
2412
2948
3618
4422
51900015
首充武器
2
18
21
0
9
17
34
51
85
119
171
222
273
358
461
580
716
887
1075
1279
1535
1876
2303
2814
19
21
0
12
24
49
73
122
171
244
317
390
512
658
828
1023
1267
1535
1827
2193
2680
3289
4020
51900016
首充武器
2
18
21
0
10
21
41
62
104
145
207
269
331
435
559
704
870
1077
1305
1553
1864
2278
2796
3417
19
21
0
14
28
56
84
140
196
280
364
448
588
757
953
1177
1457
1765
2102
2522
3082
3783
4624
51900017
首充武器
2
18
21
0
16
31
62
93
140
186
249
311
388
466
559
652
746
839
963
1118
1305
1491
1678
1864
19
21
0
21
42
84
126
189
252
336
420
525
630
757
883
1009
1135
1303
1513
1765
2018
2270
2522
