95
51210001
21
0
1
2
3
4
5
6
7
8
9
10
11
12
13
14
15
16
17
18
19
20
51210002
21
0
1
2
3
4
5
6
7
8
9
10
11
12
13
14
15
16
17
18
19
20
51210003
21
0
1
2
3
4
5
6
7
8
9
10
11
12
13
14
15
16
17
18
19
20
51210004
21
0
1
2
3
4
5
6
7
8
9
10
11
12
13
14
15
16
17
18
19
20
51210005
21
0
1
2
3
4
5
6
7
8
9
10
11
12
13
14
15
16
17
18
19
20
51210006
21
0
1
2
3
4
5
6
7
8
9
10
11
12
13
14
15
16
17
18
19
20
51210007
21
0
1
2
3
4
5
6
7
8
9
10
11
12
13
14
15
16
17
18
19
20
51210008
21
0
1
2
3
4
5
6
7
8
9
10
11
12
13
14
15
16
17
18
19
20
51210009
21
0
1
2
3
4
5
6
7
8
9
10
11
12
13
14
15
16
17
18
19
20
51210010
21
0
1
2
3
4
5
6
7
8
9
10
11
12
13
14
15
16
17
18
19
20
51210011
21
0
1
2
3
4
5
6
7
8
9
10
11
12
13
14
15
16
17
18
19
20
51210012
21
0
1
2
3
4
5
6
7
8
9
10
11
12
13
14
15
16
17
18
19
20
51210013
21
0
1
2
3
4
5
6
7
8
9
10
11
12
13
14
15
16
17
18
19
20
51210014
21
0
1
2
3
4
5
6
7
8
9
10
11
12
13
14
15
16
17
18
19
20
51210015
21
0
1
2
3
4
5
6
7
8
9
10
11
12
13
14
15
16
17
18
19
20
51210016
21
0
1
2
3
4
5
6
7
8
9
10
11
12
13
14
15
16
17
18
19
20
51210017
21
0
1
2
3
4
5
6
7
8
9
10
11
12
13
14
15
16
17
18
19
20
51210018
21
0
1
2
3
4
5
6
7
8
9
10
11
12
13
14
15
16
17
18
19
20
51210019
21
0
1
2
3
4
5
6
7
8
9
10
11
12
13
14
15
16
17
18
19
20
51210020
21
0
1
2
3
4
5
6
7
8
9
10
11
12
13
14
15
16
17
18
19
20
51210021
21
0
1
2
3
4
5
6
7
8
9
10
11
12
13
14
15
16
17
18
19
20
51210022
21
0
1
2
3
4
5
6
7
8
9
10
11
12
13
14
15
16
17
18
19
20
51210023
21
0
1
2
3
4
5
6
7
8
9
10
11
12
13
14
15
16
17
18
19
20
51210024
21
0
1
2
3
4
5
6
7
8
9
10
11
12
13
14
15
16
17
18
19
20
51210025
21
0
1
2
3
4
5
6
7
8
9
10
11
12
13
14
15
16
17
18
19
20
51210026
21
0
1
2
3
4
5
6
7
8
9
10
11
12
13
14
15
16
17
18
19
20
51210027
21
0
1
2
3
4
5
6
7
8
9
10
11
12
13
14
15
16
17
18
19
20
51210028
21
0
1
2
3
4
5
6
7
8
9
10
11
12
13
14
15
16
17
18
19
20
51210029
21
0
1
2
3
4
5
6
7
8
9
10
11
12
13
14
15
16
17
18
19
20
51210030
21
0
1
2
3
4
5
6
7
8
9
10
11
12
13
14
15
16
17
18
19
20
51210031
21
0
1
2
3
4
5
6
7
8
9
10
11
12
13
14
15
16
17
18
19
20
51220001
21
0
1
2
3
4
5
6
7
8
9
10
11
12
13
14
15
16
17
18
19
20
51220002
21
0
1
2
3
4
5
6
7
8
9
10
11
12
13
14
15
16
17
18
19
20
51220003
21
0
1
2
3
4
5
6
7
8
9
10
11
12
13
14
15
16
17
18
19
20
51220004
21
0
1
2
3
4
5
6
7
8
9
10
11
12
13
14
15
16
17
18
19
20
51220005
21
0
1
2
3
4
5
6
7
8
9
10
11
12
13
14
15
16
17
18
19
20
51220006
21
0
1
2
3
4
5
6
7
8
9
10
11
12
13
14
15
16
17
18
19
20
51220007
21
0
1
2
3
4
5
6
7
8
9
10
11
12
13
14
15
16
17
18
19
20
51220008
21
0
1
2
3
4
5
6
7
8
9
10
11
12
13
14
15
16
17
18
19
20
51220009
21
0
1
2
3
4
5
6
7
8
9
10
11
12
13
14
15
16
17
18
19
20
51220010
21
0
1
2
3
4
5
6
7
8
9
10
11
12
13
14
15
16
17
18
19
20
51220011
21
0
1
2
3
4
5
6
7
8
9
10
11
12
13
14
15
16
17
18
19
20
51220012
21
0
1
2
3
4
5
6
7
8
9
10
11
12
13
14
15
16
17
18
19
20
51220013
21
0
1
2
3
4
5
6
7
8
9
10
11
12
13
14
15
16
17
18
19
20
51220014
21
0
1
2
3
4
5
6
7
8
9
10
11
12
13
14
15
16
17
18
19
20
51220015
21
0
1
2
3
4
5
6
7
8
9
10
11
12
13
14
15
16
17
18
19
20
51220016
21
0
1
2
3
4
5
6
7
8
9
10
11
12
13
14
15
16
17
18
19
20
51220017
21
0
1
2
3
4
5
6
7
8
9
10
11
12
13
14
15
16
17
18
19
20
51220018
21
0
1
2
3
4
5
6
7
8
9
10
11
12
13
14
15
16
17
18
19
20
51220019
21
0
1
2
3
4
5
6
7
8
9
10
11
12
13
14
15
16
17
18
19
20
51220020
21
0
1
2
3
4
5
6
7
8
9
10
11
12
13
14
15
16
17
18
19
20
51220021
21
0
1
2
3
4
5
6
7
8
9
10
11
12
13
14
15
16
17
18
19
20
51220022
21
0
1
2
3
4
5
6
7
8
9
10
11
12
13
14
15
16
17
18
19
20
51220023
21
0
1
2
3
4
5
6
7
8
9
10
11
12
13
14
15
16
17
18
19
20
51220024
21
0
1
2
3
4
5
6
7
8
9
10
11
12
13
14
15
16
17
18
19
20
51220025
21
0
1
2
3
4
5
6
7
8
9
10
11
12
13
14
15
16
17
18
19
20
51220026
21
0
1
2
3
4
5
6
7
8
9
10
11
12
13
14
15
16
17
18
19
20
51220027
21
0
1
2
3
4
5
6
7
8
9
10
11
12
13
14
15
16
17
18
19
20
51220028
21
0
1
2
3
4
5
6
7
8
9
10
11
12
13
14
15
16
17
18
19
20
51220029
21
0
1
2
3
4
5
6
7
8
9
10
11
12
13
14
15
16
17
18
19
20
51220030
21
0
1
2
3
4
5
6
7
8
9
10
11
12
13
14
15
16
17
18
19
20
51220031
21
0
1
2
3
4
5
6
7
8
9
10
11
12
13
14
15
16
17
18
19
20
51230001
21
0
1
2
3
4
5
6
7
8
9
10
11
12
13
14
15
16
17
18
19
20
51230002
21
0
1
2
3
4
5
6
7
8
9
10
11
12
13
14
15
16
17
18
19
20
51230003
21
0
1
2
3
4
5
6
7
8
9
10
11
12
13
14
15
16
17
18
19
20
51230004
21
0
1
2
3
4
5
6
7
8
9
10
11
12
13
14
15
16
17
18
19
20
51230005
21
0
1
2
3
4
5
6
7
8
9
10
11
12
13
14
15
16
17
18
19
20
51230006
21
0
1
2
3
4
5
6
7
8
9
10
11
12
13
14
15
16
17
18
19
20
51230007
21
0
1
2
3
4
5
6
7
8
9
10
11
12
13
14
15
16
17
18
19
20
51230008
21
0
1
2
3
4
5
6
7
8
9
10
11
12
13
14
15
16
17
18
19
20
51230009
21
0
1
2
3
4
5
6
7
8
9
10
11
12
13
14
15
16
17
18
19
20
51230010
21
0
1
2
3
4
5
6
7
8
9
10
11
12
13
14
15
16
17
18
19
20
51230011
21
0
1
2
3
4
5
6
7
8
9
10
11
12
13
14
15
16
17
18
19
20
51230012
21
0
1
2
3
4
5
6
7
8
9
10
11
12
13
14
15
16
17
18
19
20
51230013
21
0
1
2
3
4
5
6
7
8
9
10
11
12
13
14
15
16
17
18
19
20
51230014
21
0
1
2
3
4
5
6
7
8
9
10
11
12
13
14
15
16
17
18
19
20
51230015
21
0
1
2
3
4
5
6
7
8
9
10
11
12
13
14
15
16
17
18
19
20
51230016
21
0
1
2
3
4
5
6
7
8
9
10
11
12
13
14
15
16
17
18
19
20
51230017
21
0
1
2
3
4
5
6
7
8
9
10
11
12
13
14
15
16
17
18
19
20
51230018
21
0
1
2
3
4
5
6
7
8
9
10
11
12
13
14
15
16
17
18
19
20
51230019
21
0
1
2
3
4
5
6
7
8
9
10
11
12
13
14
15
16
17
18
19
20
51230020
21
0
1
2
3
4
5
6
7
8
9
10
11
12
13
14
15
16
17
18
19
20
51230021
21
0
1
2
3
4
5
6
7
8
9
10
11
12
13
14
15
16
17
18
19
20
51230022
21
0
1
2
3
4
5
6
7
8
9
10
11
12
13
14
15
16
17
18
19
20
51230023
21
0
1
2
3
4
5
6
7
8
9
10
11
12
13
14
15
16
17
18
19
20
51230024
21
0
1
2
3
4
5
6
7
8
9
10
11
12
13
14
15
16
17
18
19
20
51230025
21
0
1
2
3
4
5
6
7
8
9
10
11
12
13
14
15
16
17
18
19
20
51230026
21
0
1
2
3
4
5
6
7
8
9
10
11
12
13
14
15
16
17
18
19
20
51230027
21
0
1
2
3
4
5
6
7
8
9
10
11
12
13
14
15
16
17
18
19
20
51230028
21
0
1
2
3
4
5
6
7
8
9
10
11
12
13
14
15
16
17
18
19
20
51230029
21
0
1
2
3
4
5
6
7
8
9
10
11
12
13
14
15
16
17
18
19
20
51230030
21
0
1
2
3
4
5
6
7
8
9
10
11
12
13
14
15
16
17
18
19
20
51230031
21
0
1
2
3
4
5
6
7
8
9
10
11
12
13
14
15
16
17
18
19
20
51900002
21
0
1
2
3
4
5
6
7
8
9
10
11
12
13
14
15
16
17
18
19
20
51900006
21
0
1
2
3
4
5
6
7
8
9
10
11
12
13
14
15
16
17
18
19
20
