1403
20000001
剑痴
50
大世界怪物
0
1
2
来者何人！！！
什么声音！
0.03
-1
43
42
-1
剑痴
1
false
20000002
剑灵_眩晕
50
大世界怪物
0
1
2
来者何人！！！
什么声音！
0.03
-1
15
16
-1
野猪
1
false
20000003
灵猿
50
大世界怪物
0
1
2
来者何人！！！
什么声音！
0.03
-1
-1
-1
-1
灵猴
1
false
20000004
猫女
50
大世界怪物
0
1
2
来者何人！！！
什么声音！
0.03
-1
23
25
-1
猫女
1
false
20000005
花魅
50
大世界怪物
0
1
2
来者何人！！！
什么声音！
0.03
-1
23
25
-1
花魅
1
false
20000006
兽神
50
大世界怪物
0
1
2
来者何人！！！
什么声音！
0.03
-1
49
48
-1
兽神
1
false
20000007
尸王
16
大世界怪物
0
1
2
来者何人！！！
什么声音！
0.03
-1
47
46
-1
尸王
1
false
20000008
阴灵
50
大世界怪物
0
1
2
来者何人！！！
什么声音！
0.03
-1
58
57
-1
阴灵
1
false
20000010
毒血尸王
50
大世界怪物
0
1
2
来者何人！！！
什么声音！
0.03
-1
47
46
-1
尸王
1
false
20000011
黑衣人
50
大世界怪物
0
1
2
来者何人！！！
什么声音！
0.03
-1
58
57
-1
黑衣人
1
false
20000012
普智
50
大世界怪物
0
1
2
来者何人！！！
什么声音！
0.03
-1
-1
-1
-1
灵猴
1
false
20000013
基地
50
大世界怪物
0
1
2
来者何人！！！
什么声音！
0.03
-1
15
16
-1
野猪
1
false
20000014
出场测试
50
大世界怪物
0
1
2
来者何人！！！
什么声音！
0.03
-1
15
16
-1
野猪
1
false
20000101
戾蛇
16
大世界怪物
0
1
2
我从雷峰塔里逃出来。
温柔点，我只是一只蛇宝宝。
0.03
-1
20
21
-1
戾蛇
1
false
20000102
流云鹤
17
大世界怪物
0
1
2
我在通天峰修行了五百年！
你想尝尝鹤顶红吗？
0.03
-1
-1
-1
-1
戾鹤
1
false
20000103
猫女
18
大世界怪物
0
1
0
0.03
-1
23
25
-1
猫女
1
false
20000104
银铃狸猫
29
大世界怪物
0
1
0
0.03
-1
-1
6
-1
银铃狸猫
1
false
20000105
黑节竹
23
木桩
0
1
0
0.03
-1
-1
56
-1
黑节竹大
1
false
20000106
灵猿
20
大世界怪物
0
1
0
0.03
-1
-1
-1
-1
灵猴
1
false
20000107
灵麋
21
大世界怪物
0
1
0
0.03
-1
9
8
-1
灵麋
1
false
20000108
通臂猿
22
大世界怪物
0
1
0
0.03
-1
1
2
-1
通臂猿
1
false
20000109
冰晶灵蛊
25
大世界地宫怪物
0
1
0
0.03
-1
20
21
-1
冰晶灵蛊
1
false
20000110
黑鸦
26
大世界地宫怪物
0
1
0
0.03
-1
-1
-1
-1
乌鸦怪
1
false
20000111
冰蛇
27
大世界地宫怪物
0
1
0
0.03
-1
11
13
-1
冰蛇
1
false
20000112
冰魂
28
大世界地宫怪物
0
1
0
0.03
-1
-1
14
-1
冰元素
1
false
20000113
百毒药人
32
大世界怪物
0
1
0
0.03
-1
10
12
-1
百毒药人
1
false
20000114
长生堂弟子
32
大世界怪物
0
1
0
0.03
-1
11
13
-1
长生堂弟子
1
false
20000115
狼
34
大世界怪物
0
1
0
0.03
-1
4
5
-1
怪狼
1
false
20000116
野猪
35
大世界怪物
0
1
0
0.03
-1
15
16
-1
野猪
1
false
20000117
黑蝠
32
大世界怪物
0
1
0
0.03
-1
20
21
-1
黑蝠
1
false
20000118
花魅
30
大世界怪物
0
1
0
0.03
-1
23
25
-1
牡丹花妖
1
false
20000119
鱼人
38
大世界怪物
0
1
0
0.03
-1
60
59
-1
鱼人
1
false
20000120
猪妖
39
大世界怪物
0
1
0
0.03
-1
15
16
-1
猪妖
1
false
20000121
百毒子
43
大boss
0
1
0
0.03
-1
28
27
-1
百毒子
1
false
20000123
银月狼
35
大世界怪物
0
1
0
0.03
-1
4
5
3
怪狼
1
false
20000124
食人花
39
大世界怪物
0
1
0
0.03
-1
-1
56
-1
食人花
1
false
20000125
万毒弟子
42
大世界怪物
0
1
0
0.03
-1
10
12
-1
万毒弟子
1
false
20000126
灵蛇
44
大世界地宫怪物
0
1
0
0.03
-1
20
21
-1
戾蛇
1
false
20000127
阴灵
45
大世界怪物
0
1
0
0.03
-1
58
57
-1
阴灵
1
false
20000128
树妖
45
大世界怪物
0
1
0
0.03
-1
-1
56
-1
树妖
1
false
20000129
妖蝠
49
大世界怪物
0
1
0
0.03
-1
20
21
-1
妖蝠
1
false
20000130
气泡
49
大世界怪物
0
1
0
0.03
-1
-1
-1
-1
气泡
1
false
20000131
上古战魂
53
大世界怪物
0
1
0
0.03
-1
58
57
-1
冰尸鬼
1
false
20000132
血叶毒蛊
57
大世界怪物
0
1
0
0.03
-1
20
21
-1
血叶灵蛊
1
false
20000133
鬼童子
53
大世界怪物
0
1
0
0.03
-1
-1
-1
-1
鬼童子
1
false
20000134
符鬼
57
大世界怪物
0
1
0
0.03
-1
58
57
-1
符鬼
1
false
20000135
九幽阴灵
49
大世界地宫怪物
0
1
0
0.03
-1
58
57
-1
九幽阴灵
1
false
20000136
鬼影
53
大世界地宫怪物
0
1
0
0.03
-1
58
57
-1
符鬼
1
false
20000137
天地戾魔
57
大世界地宫怪物
0
1
0
0.03
-1
58
57
-1
天地戾魔
1
false
20000138
兽神煞气
59
大世界地宫怪物
0
1
0
0.03
-1
-1
-1
-1
兽神煞气
1
false
20000139
鬼王精英
60
大世界怪物
0
1
0
0.03
-1
11
13
-1
叛教精英
1
false
20000140
狐山树妖
70
大世界怪物
0
1
0
0.03
-1
-1
56
-1
树妖
1
false
20000142
玄冥狼
60
大世界怪物
0
1
0
0.03
-1
4
5
-1
玄冥狼
1
false
20000143
鬼王弟子
67
大世界怪物
0
1
0
0.03
-1
10
12
-1
叛教弟子
1
false
20000144
牛人兽妖
64
大世界怪物
0
1
0
0.03
-1
-1
61
-1
牛人兽妖
1
false
20000145
魅狐
62
大世界怪物
0
1
0
0.03
-1
23
25
-1
魅狐
1
false
20000146
虎人兽妖
66
大世界怪物
0
1
0
0.03
-1
-1
58
18
虎人兽妖
1
false
20000147
鬼王精英
66
大世界怪物
0
1
0
0.03
-1
10
12
-1
叛教精英
1
false
20000148
食人花
69
大世界怪物
0
1
0
0.03
-1
-1
56
-1
食人花
1
false
20000149
鬼王刀手
74
大世界地宫怪物
0
1
0
0.03
-1
11
13
-1
流波海贼
1
false
20000150
鬼王领队
64
大世界地宫怪物
0
1
0
0.03
-1
10
12
-1
炼血堂杀手
1
false
20000152
符鬼
72
大世界地宫怪物
0
1
0
0.03
-1
58
57
-1
符鬼
1
false
20000153
噬魂煞气
22
大世界怪物
0
1
0
0.03
-1
58
57
-1
兽神煞气
1
false
20000154
煞魔
22
大世界怪物
0
1
0
0.03
-1
58
57
-1
天地戾魔
1
false
20000155
流波山贼
78
大世界怪物
0
1
0
0.03
-1
10
12
-1
流波海贼
1
false
20000156
灵蟹
78
大世界怪物
0
1
0
0.03
-1
20
21
-1
横行蟹
1
false
20000157
鬼王刺客
79
大世界怪物
0
1
0
0.03
-1
10
12
-1
叛教精英
1
false
20000158
焚香弟子
79
大世界怪物
0
1
0
0.03
-1
11
13
-1
炼血堂杀手
1
false
20000159
灵蟹
80
大世界怪物
0
1
0
0.03
-1
20
21
-1
横行蟹
1
false
20000160
人鱼
81
大世界怪物
0
1
0
0.03
-1
60
59
-1
鱼人
1
false
20000161
鲛人
81
大世界怪物
0
1
0
0.03
-1
60
59
-1
鲛人
1
false
20000162
长生堂弟子
82
大世界怪物
0
1
0
0.03
-1
10
12
-1
长生堂弟子
1
false
20000163
长生堂精英
82
大世界怪物
0
1
0
0.03
-1
11
13
-1
长生堂弟子
1
false
20000164
炎狼
83
大世界地宫怪物
0
1
0
0.03
-1
4
5
-1
炎狼
1
false
20000165
赤炎兽
83
小boss
0
1
0
0.03
-1
4
5
-1
赤炎兽
1
false
20000166
火猿
79
大世界地宫怪物
0
1
0
0.03
-1
1
2
-1
火猿
1
false
20000167
熔岩犬
84
大世界地宫怪物
0
1
0
0.03
-1
4
5
-1
熔岩犬小怪
1
false
20000168
毒蛇
34
大世界怪物
0
1
0
0.03
-1
20
21
-1
戾蛇
1
false
20000169
树精
38
大世界怪物
0
1
0
0.03
-1
-1
56
-1
树妖
1
false
20000170
万毒精英
40
大世界地宫怪物
0
1
0
0.03
-1
10
12
-1
百毒药人
1
false
20000171
万毒药人
36
大世界地宫怪物
0
1
0
0.03
-1
11
13
-1
百毒药人
1
false
20000172
符鬼
72
大世界地宫怪物
0
1
0
0.03
-1
58
57
-1
符鬼
1
false
20000173
鬼王精英
69
大世界地宫怪物
0
1
0
0.03
-1
10
12
-1
叛教精英
1
false
20000174
野猪
90
大世界怪物
0
1
0
0.03
-1
15
16
-1
野猪
1
false
20000175
罗汉
91
大世界怪物
0
1
0
0.03
-1
58
57
-1
鬼僧
1
false
20000176
树神
92
大世界怪物
0
1
0
0.03
-1
-1
56
-1
树妖
1
false
27203022
地宫1-1
28
大世界怪物
0
1
1
你杀的了我的吗？
0.03
-1
11
13
-1
炼血堂精英
1
false
27203023
地宫1-2
28
大世界怪物
0
1
1
你杀的了我的吗？
0.03
-1
37
36
-1
刘镐
1
false
27203024
地宫1-3
28
大世界怪物
0
1
1
你杀的了我的吗？
0.03
-1
10
12
-1
长生堂弟子
1
false
27203025
地宫1-4
28
大世界怪物
0
1
1
你杀的了我的吗？
0.03
-1
11
13
-1
叛教弟子
1
false
27203026
炼血堂精英
29
大世界地宫怪物
0
1
1
你杀的了我的吗？
0.03
-1
10
12
-1
叛教精英
1
false
27203027
炼血堂死士
29
大世界地宫怪物
0
1
1
你杀的了我的吗？
0.03
-1
11
13
-1
炼血堂精英
1
false
27203028
炼血堂弟子
29
大世界地宫怪物
0
1
1
你杀的了我的吗？
0.03
-1
37
36
-1
炼血堂精英
1
false
27203029
炼血堂头领
29
大世界地宫怪物
0
1
1
你杀的了我的吗？
0.03
-1
10
12
-1
炼血堂杀手
1
false
27203030
地宫3-1
44
大世界地宫怪物
0
1
1
你杀的了我的吗？
0.03
-1
11
13
-1
叛教弟子
1
false
27203031
地宫3-2
44
大世界地宫怪物
0
1
1
你杀的了我的吗？
0.03
-1
10
12
-1
叛教精英
1
false
27203032
地宫3-3
44
大世界地宫怪物
0
1
1
你杀的了我的吗？
0.03
-1
11
13
-1
叛教弟子
1
false
27203033
地宫3-4
44
大世界地宫怪物
0
1
1
你杀的了我的吗？
0.03
-1
10
12
-1
叛教精英
1
false
27203034
地宫4-1
59
大世界地宫怪物
0
1
1
你杀的了我的吗？
0.03
-1
11
13
-1
叛教弟子
1
false
27203035
地宫4-2
59
大世界地宫怪物
0
1
1
你杀的了我的吗？
0.03
-1
10
12
-1
叛教精英
1
false
27203036
地宫4-3
59
大世界地宫怪物
0
1
1
你杀的了我的吗？
0.03
-1
11
13
-1
叛教弟子
1
false
27203037
地宫4-4
59
大世界地宫怪物
0
1
1
你杀的了我的吗？
0.03
-1
10
12
-1
叛教精英
1
false
27203038
地宫5-1
74
大世界地宫怪物
0
1
1
你杀的了我的吗？
0.03
-1
11
13
-1
叛教弟子
1
false
27203039
地宫5-2
74
大世界地宫怪物
0
1
1
你杀的了我的吗？
0.03
-1
10
12
-1
叛教精英
1
false
27203040
地宫5-3
74
大世界地宫怪物
0
1
1
你杀的了我的吗？
0.03
-1
11
13
-1
叛教弟子
1
false
27203041
地宫5-4
74
大世界地宫怪物
0
1
1
你杀的了我的吗？
0.03
-1
10
12
-1
叛教精英
1
false
27203042
地宫6-1
89
大世界地宫怪物
0
1
1
你杀的了我的吗？
0.03
-1
11
13
-1
叛教弟子
1
false
27203043
地宫6-2
89
大世界地宫怪物
0
1
1
你杀的了我的吗？
0.03
-1
10
12
-1
叛教精英
1
false
27203044
地宫6-3
89
大世界地宫怪物
0
1
1
你杀的了我的吗？
0.03
-1
11
13
-1
叛教弟子
1
false
27203045
地宫6-4
89
大世界地宫怪物
0
1
1
你杀的了我的吗？
0.03
-1
10
12
-1
叛教精英
1
false
20000177
万毒精英
40
大世界地宫怪物
0
1
0
0.03
-1
10
12
-1
百毒药人
1
false
20000178
银铃狸猫【精英】
29
大世界地宫小boss
0
2
0
0.03
-1
-1
6
-1
银铃狸猫大
1
false
20000179
黑鸦【精英】
29
大世界地宫小boss
0
2
0
0.03
-1
-1
-1
-1
乌鸦怪大
1
false
20000180
炼血堂杀手【精英】
29
大世界地宫小boss
0
2
0
0.03
-1
11
13
-1
炼血堂杀手大
1
false
20000181
鱼人【精英】
44
大世界地宫小boss
0
2
0
0.03
-1
60
59
-1
鱼人大
1
false
20000182
灵蛇【精英】
44
大世界地宫小boss
0
2
0
0.03
-1
20
21
-1
戾蛇大
1
false
20000183
万毒药人【精英】
44
大世界地宫小boss
0
2
0
0.03
-1
10
12
-1
百毒药人大
1
false
20000184
上古战魂【精英】
59
大世界地宫小boss
0
2
0
0.03
-1
58
57
-1
冰尸鬼大
1
false
20000185
鬼影【精英】
59
大世界地宫小boss
0
2
0
0.03
-1
58
57
-1
符鬼大
1
false
20000186
天地戾魔【精英】
59
大世界地宫小boss
0
2
0
0.03
-1
58
57
-1
天地戾魔大
1
false
20000187
牛人兽妖【精英】
74
大世界地宫小boss
0
2
0
0.03
-1
-1
61
-1
牛人兽妖大
1
false
20000188
鬼王领队【精英】
74
大世界地宫小boss
0
2
0
0.03
-1
10
12
-1
炼血堂杀手大
1
false
20000189
符鬼【精英】
74
大世界地宫小boss
0
2
0
0.03
-1
58
57
-1
符鬼大
1
false
20000190
灵蟹【精英】
89
大世界地宫小boss
0
2
0
0.03
-1
20
21
-1
横行蟹大
1
false
20000191
炎狼【精英】
89
大世界地宫小boss
0
2
0
0.03
-1
4
5
-1
炎狼大
1
false
20000192
熔岩犬【精英】
89
大世界地宫小boss
0
2
0
0.03
-1
4
5
-1
熔岩犬大
1
false
20000193
野猪【精英】
104
大世界地宫小boss
0
2
0
0.03
-1
15
16
-1
野猪大
1
false
20000194
粗壮的黑节竹
1
木桩
0
2
0
0.03
-1
-1
56
-1
黑节竹大
1
false
20000195
粗壮的老黑节竹
1
木桩
0
2
0
0.03
-1
-1
56
-1
黑节竹大
1
false
20000196
炼血堂弟子
1
大世界怪物
0
1
0
0.03
-1
11
13
-1
炼血堂弟子
1
false
20000197
野猪
2
大世界怪物
0
1
0
0.03
-1
15
16
-1
野猪
1
false
20000198
炎狼
3
大世界怪物
0
1
0
0.03
-1
4
5
-1
炎狼
1
false
21010101
炼血堂弟子
2
较弱怪物
0
1
2
爷爷送你上路！
弟兄们上啊！
0.5
-1
10
12
-1
炼血堂弟子
1
false
21010102
炼血堂弟子
2
较弱怪物
0
1
2
爷爷送你上路！
弟兄们上啊！
0.5
-1
10
12
-1
炼血堂弟子
1
false
21010103
炼血堂精英
2
较弱怪物
0
1
2
这家伙有点本事，快去叫老大！
这是她们的同党，捉活的！
0.5
-1
11
13
-1
炼血堂精英
3
false
21010104
炼血堂精英
2
较弱怪物
0
1
2
这家伙有点本事，快去叫老大！
这是她们的同党，捉活的！
0.5
-1
11
13
-1
炼血堂精英
3
false
21010201
炼血堂精英
3
较弱怪物
0
1
2
多管闲事！！！
大王叫我来巡山！
0.5
-1
-1
14
-1
炼血堂杀手
1
false
21010202
炼血堂精英
3
较弱怪物
0
1
2
多管闲事！！！
大王叫我来巡山！
0.5
-1
-1
14
-1
炼血堂杀手
1
false
21010203
炼血堂打手
3
较弱怪物
0
1
2
踏破铁鞋无觅处！
得来全不费工夫！
0.5
-1
11
13
-1
炼血堂死士
1
false
21010204
刘镐
4
精英怪物
0
3
2
炼血堂的闲事你也管，不要命了！
来者何人！
0.5
-1
37
36
-1
刘镐大
1
false
21010205
炼血堂打手
3
较弱怪物
0
1
2
踏破铁鞋无觅处！
得来全不费工夫！
0.5
-1
11
13
-1
炼血堂死士
1
false
21010301
炎狼
4
较弱怪物
0
1
0
0.5
-1
4
5
-1
炎狼
1
false
21010302
炎狼
4
较弱怪物
0
1
0
0.5
-1
4
5
-1
炎狼
1
false
21010303
炼血堂打手
4
较弱怪物
0
1
2
大王叫我来巡山~~！！！
什么声音！
0.5
-1
10
12
-1
万毒精英
1
false
21010304
炎狼
4
较弱怪物
0
1
0
0.5
-1
4
5
-1
炎狼
1
false
21010305
炼血堂打手
4
较弱怪物
0
1
1
大王叫我来巡山~~！！！
0.5
-1
10
12
-1
万毒精英
1
false
21010306
林三娘
5
精英怪物
0
3
2
在老娘手底下逃出去的人，还没出生呢！
在老娘手底下逃出去的人，还没出生呢！
0.5
-1
35
34
-1
林三娘大
1
false
21010307
小七
5
友方单位
1
1
2
我来帮你！！
我来帮你！！
0.5
-1
35
34
-1
小七
1
false
21010401
炼血堂打手
5
普通怪物
0
1
2
捉活的！
兄弟们冲啊！
0.5
-1
11
13
-1
炼血堂弟子
1
false
21010402
炼血堂死士
5
普通怪物
0
1
1
来者何人！！！
0.5
-1
-1
14
-1
炼血堂死士
1
false
21010403
年老大
5
小boss
0
1
2
天堂有路你不走，哈哈哈！
天堂有路你不走，哈哈哈！
0.5
-1
43
42
-1
年老大大
1
false
21010511
毒血幡
10
普通怪物
0
1
2
感受来自九幽的凶煞之力吧！
感受来自九幽的凶煞之力吧！
0.5
-1
-1
-1
-1
招魂幡
1
false
21010512
毒血幡
10
普通怪物
0
1
2
感受来自九幽的凶煞之力吧！
感受来自九幽的凶煞之力吧！
0.5
-1
-1
-1
-1
招魂幡
1
false
21010513
毒血幡
10
普通怪物
0
1
2
感受来自九幽的凶煞之力吧！
感受来自九幽的凶煞之力吧！
0.5
-1
-1
-1
-1
招魂幡
1
false
21010514
毒血幡
10
普通怪物
0
1
2
感受来自九幽的凶煞之力吧！
感受来自九幽的凶煞之力吧！
0.5
-1
-1
-1
-1
招魂幡
1
false
21010502
神秘人
11
大boss
0
3
2
你也想试试七尾蜈蚣么？
你也想试试七尾蜈蚣么？
0.5
-1
53
52
-1
黑衣苍松大
1
false
21010503
幽魂
10
普通怪物
0
1
2
感受来自九幽的凶煞之力吧！
感受来自九幽的凶煞之力吧！
0.5
-1
58
57
-1
阴灵
1
false
21010504
怨灵
10
普通怪物
0
1
2
感受来自九幽的凶煞之力吧！
感受来自九幽的凶煞之力吧！
0.5
-1
58
57
-1
九幽阴灵
1
false
21010505
凶灵
10
普通怪物
0
1
2
感受来自九幽的凶煞之力吧！
感受来自九幽的凶煞之力吧！
0.5
-1
58
57
-1
鬼影
1
false
21010506
恶煞
10
普通怪物
0
1
2
感受来自九幽的凶煞之力吧！
感受来自九幽的凶煞之力吧！
0.5
-1
58
57
-1
冰尸鬼大
1
false
21010601
怨灵
11
普通怪物
0
1
2
还我命来……
我要收了你的魂……
0.5
-1
58
57
-1
鬼影
1
false
21010602
幽魂
11
普通怪物
0
1
2
别在我的坟前哭
别在我的坟前哭
0.5
-1
10
12
-1
百毒药人
1
false
21010603
厉鬼
11
普通怪物
0
1
2
还我命来……
我要收了你的魂……
0.5
-1
58
57
-1
冰尸鬼
1
false
21010604
嗜血魔头
12
大boss
0
3
2
杀了他们……
杀了他们……
0.5
-1
41
40
-1
魔化普智大
1
false
21020101
花魅
17
第二章普通怪物
0
1
0
0.5
-1
24
26
-1
花魅
1
false
21020102
苍月狼
17
第二章普通怪物
0
1
2
又快到了月圆之夜……
什么声音！
0.5
-1
4
5
-1
玄冥狼
1
false
21020103
剑痴
17
第二章大boss
0
3
2
吾以剑为命
吾视剑如痴
0.5
-1
43
42
-1
剑痴大
1
false
21020104
林惊羽
18
友方单位
1
1
0
0.5
-1
-1
-1
-1
小林惊羽小
1
false
21020201
鬼影
19
第二章普通怪物
0
1
2
感受到四周冰冷的怨气了吗？
感受到四周冰冷的怨气了吗？
0.5
-1
58
57
-1
冰尸鬼
1
false
21020202
血毒阴灵
19
第二章普通怪物
0
1
0
0.5
-1
58
57
-1
鬼影
1
false
21020203
神秘人
20
第二章大boss
0
3
0
0.5
-1
53
52
-1
黑衣苍松大
1
false
21020204
张小凡
20
第二章大boss
7
1
0
0.5
-1
53
52
-1
小张小凡普攻
1
false
21020301
灵狐
21
第二章普通怪物
0
1
0
0.5
-1
24
26
-1
魅狐
1
false
21020302
花妖
21
第二章普通怪物
0
1
0
0.5
-1
23
25
-1
花魅
1
false
21020303
鸣蛇
21
第二章普通怪物
0
1
0
0.5
-1
20
21
-1
戾蛇
1
false
21020304
仙鹤
21
第二章普通怪物
0
1
0
0.5
-1
-1
-1
-1
戾鹤
1
false
21020305
林惊羽
21
第二章大boss
0
3
0
0.5
-1
10
12
-1
林惊羽怪大
1
false
21020306
曾书书
21
友方单位
7
3
0
0.5
-1
10
12
-1
曾书书普攻
1
false
21020307
陆雪琪
21
友方单位
7
3
0
0.5
-1
10
12
-1
陆雪琪普攻
1
false
21020308
田灵儿
21
友方单位
7
3
0
0.5
-1
10
12
-1
田灵儿普攻
1
false
21020309
张小凡
21
友方单位
7
3
0
0.5
-1
10
12
-1
张小凡普攻
1
false
21020401
黑节竹
22
第二章普通怪物
0
1
0
0.5
-1
-1
56
-1
黑节竹
1
false
21020402
灵猿
22
第二章普通怪物
0
1
0
0.5
-1
-1
-1
-1
灵猴
1
false
21020403
三眼灵猴
22
第二章大boss
0
1
0
0.5
-1
-1
-1
-1
小灰怪
1
false
21020404
凶煞之魂
22
第二章普通怪物
0
1
0
0.5
-1
58
57
-1
鬼影
1
false
21020405
摄魂之灵
23
第二章大boss
0
1
0
0.5
-1
58
57
-1
冰尸鬼大
1
false
21020406
张小凡
23
第二章大boss
7
1
0
0.5
-1
58
57
-1
张小凡普攻
1
false
21020407
田灵儿
23
第二章大boss
7
1
0
0.5
-1
58
57
-1
田灵儿普攻
1
false
21020501
银铃狸猫
23
第二章普通怪物
0
1
0
0.5
-1
-1
6
-1
银铃狸猫
1
false
21020502
通臂猿
23
第二章普通怪物
0
1
0
0.5
-1
1
2
-1
通臂猿
1
false
21020503
魅影花灵
23
第二章普通怪物
0
1
0
0.5
-1
23
25
-1
花魅
1
false
21020504
曾书书
23
友方单位
7
1
0
0.5
-1
-1
-1
-1
曾书书普攻
1
false
21020601
炼血堂精英
24
第二章普通怪物
0
1
0
0.5
-1
10
12
-1
炼血堂精英
1
false
21020602
炼血堂杀手
24
第二章普通怪物
0
1
0
0.5
-1
11
13
-1
炼血堂杀手
1
false
21020603
炼血堂死士
24
第二章普通怪物
0
1
0
0.5
-1
-1
14
-1
炼血堂死士
1
false
21020604
张小凡
24
友方单位
7
1
0
0.5
-1
-1
-1
-1
张小凡普攻
1
false
21020701
炼血堂杀手
25
第二章普通怪物
0
1
0
0.5
-1
11
13
-1
炼血堂杀手
1
false
21020702
炼血堂死士
25
第二章普通怪物
0
1
0
0.5
-1
10
12
-1
炼血堂死士
1
false
21020703
年老大
25
第二章大boss
0
3
0
0.5
-1
43
42
-1
年老大大
1
false
21020704
张小凡
25
友方单位
7
3
0
0.5
-1
43
42
-1
张小凡普攻
1
false
21020705
林惊羽
25
友方单位
7
3
0
0.5
-1
43
42
-1
林惊羽普攻
1
false
21020801
炼血堂杀手
26
第二章普通怪物
0
1
0
0.5
-1
10
12
-1
炼血堂杀手
1
false
21020802
炼血堂死士
26
第二章普通怪物
0
1
0
0.5
-1
10
12
-1
炼血堂死士
1
false
21020803
野狗道人
26
第二章大boss
0
2
0
0.5
-1
39
38
-1
野狗
1
false
21020804
年老大
26
第二章大boss
0
3
0
0.5
-1
43
42
-1
年老大大
1
false
21020805
血鲲
26
第二章大boss
0
3
0
0.5
-1
20
21
-1
血鲲大
1
false
21020806
张小凡
26
友方单位
7
3
0
0.5
-1
20
21
-1
张小凡普攻
1
false
21020807
林惊羽
26
友方单位
7
3
0
0.5
-1
20
21
-1
林惊羽普攻
1
false
21020808
碧瑶
26
友方单位
7
3
0
0.5
-1
20
21
-1
碧瑶普攻
1
false
21020809
田灵儿
26
友方单位
7
3
0
0.5
-1
20
21
-1
田灵儿普攻
1
false
21020901
兽妖
27
第二章普通怪物
0
1
0
0.5
-1
23
25
-1
牛人兽妖
1
false
21020902
神秘杀手
27
第二章普通怪物
0
1
0
0.5
-1
9
8
-1
万毒弟子
1
false
21020903
蒙面人
27
第二章大boss
0
3
0
0.5
-1
-1
-1
-1
蒙面杀手大
1
false
21020904
张小凡
27
友方单位
7
1
0
0.5
-1
-1
-1
-1
张小凡普攻
1
false
21020905
陆雪琪
27
友方单位
7
1
0
0.5
-1
-1
-1
-1
陆雪琪普攻
1
false
21020906
曾书书
27
友方单位
7
1
0
0.5
-1
-1
-1
-1
曾书书普攻
1
false
21021001
荒野冤魂
28
第二章普通怪物
0
1
0
0.5
-1
58
57
-1
九幽阴灵
1
false
21021002
厉鬼
28
第二章普通怪物
0
1
0
0.5
-1
58
57
-1
鬼影
1
false
21021003
小凡心魔
29
第二章大boss
0
3
0
0.5
-1
58
57
-1
心魔大
1
false
21021004
陆雪琪
29
友方单位
7
3
0
0.5
-1
58
57
-1
陆雪琪普攻
1
false
27000001
幻月古镜
50
守塔木桩
6
1
0
0.5
-1
-1
-1
-1
幻月古镜
1
false
27000101
一重幻象
15
爬塔小怪物
0
1
0
0.5
-1
10
12
-1
炼血堂弟子
1
false
27000201
二重幻象
16
爬塔小怪物
0
1
0
0.5
-1
10
12
-1
炼血堂精英
1
false
27000301
三重幻象
17
爬塔小怪物
0
1
0
0.5
-1
11
13
-1
炼血堂杀手
1
false
27000401
四重幻象
18
爬塔小怪物
0
1
0
0.5
-1
11
13
-1
炼血堂死士
1
false
27000501
五重幻象
19
爬塔小boss
0
2
0
0.5
-1
37
36
-1
刘镐大
1
false
27000601
六重幻象
20
爬塔小怪物
0
1
0
0.5
-1
11
13
-1
炼血堂弟子
1
false
27000701
七重幻象
21
爬塔小怪物
0
1
0
0.5
-1
4
5
-1
炎狼
1
false
27000801
八重幻象
22
爬塔小怪物
0
1
0
0.5
-1
11
13
-1
万毒精英
1
false
27000901
九重幻象
23
爬塔小怪物
0
1
0
0.5
-1
11
13
-1
万毒精英
1
false
27001001
十重幻象
24
爬塔小boss
0
2
0
0.5
-1
23
25
-1
林三娘大
1
false
27001101
一十一重幻象
25
爬塔小怪物
0
1
0
0.5
-1
58
57
-1
鬼影
1
false
27001201
一十二重幻象
26
爬塔小怪物
0
1
0
0.5
-1
58
57
-1
冰尸鬼大
1
false
27001301
一十三重幻象
27
爬塔小怪物
0
1
0
0.5
-1
58
57
-1
九幽阴灵
1
false
27001401
一十四重幻象
28
爬塔小怪物
0
1
0
0.5
-1
58
57
-1
阴灵
1
false
27001501
一十五重幻象
29
爬塔大boss
0
3
0
0.5
-1
41
40
-1
魔化普智大
1
false
27001601
一十六重幻象
30
爬塔小怪物
0
1
0
0.5
-1
24
26
-1
花魅
1
false
27001701
一十七重幻象
31
爬塔小怪物
0
1
0
0.5
-1
4
5
-1
玄冥狼
1
false
27001801
一十八重幻象
32
爬塔小怪物
0
1
0
0.5
-1
24
26
-1
魅狐
1
false
27001901
一十九重幻象
33
爬塔小怪物
0
1
0
0.5
-1
20
21
-1
戾蛇
1
false
27002001
二十重幻象
34
爬塔小boss
0
2
0
0.5
-1
-1
-1
-1
剑痴大
1
false
27002101
二十一重幻象
35
爬塔小怪物
0
1
0
0.5
-1
58
57
-1
冰尸鬼
1
false
27002201
二十二重幻象
36
爬塔小怪物
0
1
0
0.5
-1
58
57
-1
鬼影
1
false
27002301
二十三重幻象
37
爬塔小怪物
0
1
0
0.5
-1
24
26
-1
花魅
1
false
27002401
二十四重幻象
38
爬塔小怪物
0
1
0
0.5
-1
-1
-1
-1
戾鹤
1
false
27002501
二十五重幻象
39
爬塔小boss
0
2
0
0.5
-1
10
12
-1
剑痴大
1
false
27002601
二十六重幻象
40
爬塔小怪物
0
1
0
0.5
-1
-1
-1
-1
灵猴
1
false
27002701
二十七重幻象
41
爬塔小怪物
0
1
0
0.5
-1
1
2
-1
火猿
1
false
27002801
二十八重幻象
42
爬塔小怪物
0
1
0
0.5
-1
58
57
-1
鬼影
1
false
27002901
二十九重幻象
43
爬塔小怪物
0
1
0
0.5
-1
-1
6
-1
银铃狸猫
1
false
27003001
三十重幻象
44
爬塔大boss
0
3
0
0.5
-1
58
57
-1
曾书书怪
1
false
27003101
三十一重幻象
45
爬塔小怪物
0
1
0
0.5
-1
10
12
-1
炼血堂弟子
1
false
27003201
三十二重幻象
46
爬塔小怪物
0
1
0
0.5
-1
10
12
-1
炼血堂精英
1
false
27003301
三十三重幻象
47
爬塔小怪物
0
1
0
0.5
-1
11
13
-1
炼血堂杀手
1
false
27003401
三十四重幻象
48
爬塔小怪物
0
1
0
0.5
-1
11
13
-1
炼血堂死士
1
false
27003501
三十五重幻象
49
爬塔小boss
0
2
0
0.5
-1
43
42
-1
玄冥狼
1
false
27003601
三十六重幻象
50
爬塔小怪物
0
1
0
0.5
-1
10
12
-1
炼血堂弟子
1
false
27003701
三十七重幻象
51
爬塔小怪物
0
1
0
0.5
-1
10
12
-1
炼血堂精英
1
false
27003801
三十八重幻象
52
爬塔小怪物
0
1
0
0.5
-1
11
13
-1
炼血堂杀手
1
false
27003901
三十九重幻象
53
爬塔小怪物
0
1
0
0.5
-1
11
13
-1
炼血堂死士
1
false
27004001
四十重幻象
54
爬塔小boss
0
2
0
0.5
-1
-1
56
-1
血鲲大
1
false
27004101
四十一重幻象
55
爬塔小怪物
0
1
0
0.5
-1
15
16
-1
猪人兽妖
1
false
27004201
四十二重幻象
56
爬塔小怪物
0
1
0
0.5
-1
10
12
-1
万毒弟子
1
false
27004301
四十三重幻象
57
爬塔小怪物
0
1
0
0.5
-1
24
26
-1
花魅
1
false
27004401
四十四重幻象
58
爬塔小怪物
0
1
0
0.5
-1
-1
56
-1
食人花
1
false
27004501
四十五重幻象
59
爬塔大boss
0
3
0
0.5
-1
24
26
-1
鬼先生怪
1
false
27004601
四十六重幻象
60
爬塔小怪物
0
1
0
0.5
-1
58
57
-1
鬼影
1
false
27004701
四十七重幻象
61
爬塔小怪物
0
1
0
0.5
-1
58
57
-1
冰尸鬼
1
false
27004801
四十八重幻象
62
爬塔小怪物
0
1
0
0.5
-1
58
57
-1
九幽阴灵
1
false
27004901
四十九重幻象
63
爬塔小怪物
0
1
0
0.5
-1
58
57
-1
阴灵
1
false
27005001
五十重幻象
64
爬塔小boss
0
2
0
0.5
-1
58
57
-1
心魔大
1
false
27005101
五十一重幻象
65
爬塔小怪物
0
1
0
0.5
-1
-1
56
-1
食人花
1
false
27005201
五十二重幻象
66
爬塔小怪物
0
1
0
0.5
-1
24
26
-1
牡丹花妖
1
false
27005301
五十三重幻象
67
爬塔小怪物
0
1
0
0.5
-1
24
26
-1
花魅
1
false
27005401
五十四重幻象
68
爬塔小怪物
0
1
0
0.5
-1
10
12
-1
百毒药人
1
false
27005501
五十五重幻象
69
爬塔小boss
0
2
0
0.5
-1
37
38
-1
秦无炎
1
false
27005601
五十六重幻象
70
爬塔小怪物
0
1
0
0.5
-1
24
26
-1
牡丹花妖
1
false
27005701
五十七重幻象
71
爬塔小怪物
0
1
0
0.5
-1
24
26
-1
魅狐
1
false
27005801
五十八重幻象
72
爬塔小怪物
0
1
0
0.5
-1
30
29
-1
黑蝠
1
false
27005901
五十九重幻象
73
爬塔小怪物
0
1
0
0.5
-1
30
29
-1
妖蝠
1
false
27006001
六十重幻象
74
爬塔大boss
0
3
0
0.5
-1
30
29
-1
张小凡怪
1
false
27006101
六十一重幻象
75
爬塔小怪物
0
1
0
0.5
-1
4
5
-1
炎狼
1
false
27006201
六十二重幻象
76
爬塔小怪物
0
1
0
0.5
-1
10
12
-1
百毒药人
1
false
27006301
六十三重幻象
77
爬塔小怪物
0
1
0
0.5
-1
10
12
-1
万毒弟子
1
false
27006401
六十四重幻象
78
爬塔小怪物
0
1
0
0.5
-1
11
13
-1
万毒精英
1
false
27006501
六十五重幻象
79
爬塔小boss
0
2
0
0.5
-1
28
27
-1
百毒子
1
false
27006601
六十六重幻象
80
爬塔小怪物
0
1
0
0.5
-1
4
5
-1
炎狼
1
false
27006701
六十七重幻象
81
爬塔小怪物
0
1
0
0.5
-1
10
12
-1
百毒药人
1
false
27006801
六十八重幻象
82
爬塔小怪物
0
1
0
0.5
-1
11
13
-1
万毒弟子
1
false
27006901
六十九重幻象
83
爬塔小怪物
0
1
0
0.5
-1
11
13
-1
万毒精英
1
false
27007001
七十重幻象
84
爬塔小boss
0
2
0
0.5
-1
10
12
-1
吸血老祖
1
false
27007101
七十一重幻象
85
爬塔小怪物
0
1
0
0.5
-1
-1
-1
-1
鬼童子
1
false
27007201
七十二重幻象
86
爬塔小怪物
0
1
0
0.5
-1
58
57
-1
符鬼
1
false
27007301
七十三重幻象
87
爬塔小怪物
0
1
0
0.5
-1
58
57
-1
九幽阴灵
1
false
27007401
七十四重幻象
88
爬塔小怪物
0
1
0
0.5
-1
10
12
-1
万毒精英
1
false
27007501
七十五重幻象
89
爬塔大boss
0
3
0
0.5
-1
32
31
-1
林惊羽怪大
1
false
27007601
七十六重幻象
90
爬塔小怪物
0
1
0
0.5
-1
20
21
-1
戾蛇
1
false
27007701
七十七重幻象
91
爬塔小怪物
0
1
0
0.5
-1
20
21
-1
妖蝠
1
false
27007801
七十八重幻象
92
爬塔小怪物
0
1
0
0.5
-1
58
57
-1
天地戾魔
1
false
27007901
七十九重幻象
93
爬塔小怪物
0
1
0
0.5
-1
-1
61
-1
兽神煞气
1
false
27008001
八十重幻象
94
爬塔小boss
0
2
0
0.5
-1
10
12
-1
黑心老人
1
false
27008101
八十一重幻象
95
爬塔小怪物
0
1
0
0.5
-1
10
12
-1
长生堂弟子
1
false
27008201
八十二重幻象
96
爬塔小怪物
0
1
0
0.5
-1
10
12
-1
流波海贼
1
false
27008301
八十三重幻象
97
爬塔小怪物
0
1
0
0.5
-1
11
13
-1
万毒精英
1
false
27008401
八十四重幻象
98
爬塔小怪物
0
1
0
0.5
-1
10
12
-1
百毒药人
1
false
27008501
八十五重幻象
99
爬塔小boss
0
2
0
0.5
-1
-1
61
-1
夔牛
1
false
27008601
八十六重幻象
100
爬塔小怪物
0
1
0
0.5
-1
4
5
-1
熔岩犬小怪
1
false
27008701
八十七重幻象
101
爬塔小怪物
0
1
0
0.5
-1
58
57
-1
符鬼
1
false
27008801
八十八重幻象
102
爬塔小怪物
0
1
0
0.5
-1
58
57
-1
鬼僧
1
false
27008901
八十九重幻象
103
爬塔小怪物
0
1
0
0.5
-1
58
57
-1
鬼影
1
false
27009001
九十重幻象
104
爬塔大boss
0
3
0
0.5
-1
41
40
-1
陆雪琪怪
1
false
27009101
九十一重幻象
1
爬塔小怪物
0
1
0
0.5
-1
1
2
-1
通臂猿
1
false
27009201
九十二重幻象
1
爬塔小怪物
0
1
0
0.5
-1
24
26
-1
花魅
1
false
27009301
九十三重幻象
1
爬塔小怪物
0
1
0
0.5
-1
-1
-1
-1
妖蝠
1
false
27009401
九十四重幻象
1
爬塔小怪物
0
1
0
0.5
-1
10
12
-1
炼血堂精英
1
false
27009501
九十五重幻象
1
爬塔小怪物
0
1
0
0.5
-1
10
12
-1
炼血堂杀手
1
false
27009601
九十六重幻象
1
爬塔小怪物
0
1
0
0.5
-1
11
13
-1
炼血堂死士
1
false
27009701
九十七重幻象
1
爬塔小怪物
0
1
0
0.5
-1
-1
-1
-1
张小凡怪
1
false
27009801
九十八重幻象
1
爬塔小怪物
0
1
0
0.5
-1
10
12
-1
炼血堂杀手
1
false
27009901
九十九重幻象
1
爬塔小怪物
0
1
0
0.5
-1
11
13
-1
炼血堂死士
1
false
27010001
一百重幻象
1
爬塔小怪物
0
1
0
0.5
-1
-1
14
-1
年老大
1
false
21030101
炼血堂精英
31
第二章普通怪物
0
1
0
0.5
-1
10
12
-1
炼血堂精英
1
false
21030102
炼血堂死士
31
第二章普通怪物
0
1
0
0.5
-1
11
13
-1
炼血堂死士
1
false
21030103
野狗
31
第二章大boss
0
1
0
0.5
-1
39
38
-1
野狗大
1
false
21030104
炼血堂杀手
31
第二章普通怪物
0
1
0
0.5
-1
10
12
-1
炼血堂杀手
1
false
21030201
花魅
32
第二章普通怪物
0
1
0
0.5
-1
23
25
-1
花魅
1
false
21030202
牡丹花妖
32
第二章普通怪物
0
1
0
0.5
-1
-1
56
-1
牡丹花妖
1
false
21030203
食人花
32
第二章大boss
0
1
0
0.5
-1
24
26
-1
食人花
1
false
21030204
花魅
32
第二章普通怪物
0
1
0
0.5
-1
24
26
-1
花魅
1
false
21030301
炼血堂死士
33
第二章普通怪物
0
1
0
0.5
-1
10
12
-1
炼血堂死士
1
false
21030302
百毒药人
33
第二章普通怪物
0
1
0
0.5
-1
11
13
-1
百毒药人
1
false
21030303
颜烈
33
第二章大boss
0
1
0
0.5
-1
37
38
-1
秦无炎大
1
false
21030401
黑蝠
35
第二章普通怪物
0
1
0
0.5
-1
20
21
-1
黑蝠
1
false
21030402
妖蝠
35
第二章普通怪物
0
1
0
0.5
-1
20
21
-1
妖蝠
1
false
21030403
蝠王
35
第二章大boss
0
1
0
0.5
-1
30
29
-1
蝠王大
1
false
21030502
食人花
37
第二章普通怪物
0
1
0
0.5
-1
23
25
-1
食人花
1
false
21030503
魅狐
37
第二章普通怪物
0
1
0
0.5
-1
23
25
-1
魅狐
1
false
21030504
玄冥狼
37
第二章普通怪物
0
1
0
0.5
-1
4
5
-1
玄冥狼
1
false
21030601
炼血堂死士
39
第二章普通怪物
0
1
0
0.5
-1
10
12
-1
炼血堂死士
1
false
21030602
赤炎兽
39
第二章普通怪物
0
1
0
0.5
-1
4
5
-1
赤炎兽
1
false
21030603
李洵
39
第二章大boss
0
1
0
0.5
-1
39
38
-1
李洵怪
1
false
21030701
赤炎兽
40
第二章普通怪物
0
1
0
0.5
-1
20
21
-1
赤炎兽
1
false
21030702
炎狼
40
第二章普通怪物
0
1
0
0.5
-1
4
5
-1
炎狼
1
false
21030703
李洵
40
第二章大boss
0
1
0
0.5
-1
39
38
-1
李洵怪
1
false
21030801
万毒弟子
42
第二章普通怪物
0
1
0
0.5
-1
10
12
-1
万毒弟子
1
false
21030802
万毒精英
42
第二章普通怪物
0
1
0
0.5
-1
11
13
-1
万毒精英
1
false
21030803
万毒弟子
42
第二章普通怪物
0
1
0
0.5
-1
47
46
-1
万毒弟子
1
false
21030804
百毒药人
42
第二章普通怪物
0
1
0
0.5
-1
10
12
-1
百毒药人
1
false
21030901
万毒弟子
44
第二章普通怪物
0
1
0
0.5
-1
11
13
-1
万毒弟子
1
false
21030902
万毒精英
44
第二章普通怪物
0
1
0
0.5
-1
10
12
-1
万毒精英
1
false
21030903
百毒子
44
第二章大boss
0
1
0
0.5
-1
28
27
-1
百毒子大
1
false
21030904
百毒药人
44
第二章普通怪物
0
1
0
0.5
-1
10
12
-1
百毒药人
1
false
21031001
万毒弟子
44
第二章普通怪物
0
1
0
0.5
-1
11
13
-1
万毒弟子
1
false
21031002
万毒精英
44
第二章普通怪物
0
1
0
0.5
-1
10
12
-1
万毒精英
1
false
21031003
吸血老祖
44
第二章大boss
0
1
0
0.5
-1
10
12
-1
吸血老祖大
1
false
27100001
戾魔
90
第二章普通怪物
0
1
0
0.5
-1
58
57
-1
天地戾魔
1
false
27100002
戾魔
90
第二章普通怪物
0
1
0
0.5
-1
58
57
-1
天地戾魔
1
false
27100003
水麒麟
90
第二章大boss
0
1
0
0.5
-1
-1
-1
-1
水麒麟大
1
false
27100004
戾魔
90
第二章普通怪物
0
1
0
0.5
-1
58
57
-1
天地戾魔
1
false
27100005
魔魁精英
90
第二章普通怪物
0
1
0
0.5
-1
58
57
-1
天地戾魔大
1
false
27100006
鬼王宗弟子
90
第二章普通怪物
0
1
0
0.5
-1
10
12
-1
特殊怪1
1
false
27100007
青云门弟子
90
第二章普通怪物
0
1
0
0.5
-1
11
13
-1
特殊怪2
1
false
27100008
天地戾魔
90
第二章大boss
0
1
0
0.5
-1
57
58
-1
特殊怪3
1
false
27100009
鲛人
90
第二章普通怪物
0
1
0
0.5
-1
23
25
-1
鲛人大
1
false
27400001
天机印
35
第二章普通怪物
6
1
0
0.5
-1
-1
-1
-1
天机印
1
false
27400101
一重敌军
35
多人活动用精英怪物
0
1
0
0.5
-1
58
57
-1
阴灵
1
false
27400201
二重敌军
36
多人活动用精英怪物
0
1
0
0.5
-1
58
57
-1
九幽阴灵
1
false
27400301
三重敌军
37
多人活动用精英怪物
0
1
0
0.5
-1
58
57
-1
鬼影
1
false
27400401
四重敌军
38
多人活动用精英怪物
0
1
0
0.5
-1
58
57
-1
冰尸鬼
1
false
27400501
五重敌军
39
多人活动用小boss
0
2
0
0.5
-1
41
40
-1
魔化普智大
1
false
27400601
六重敌军
40
多人活动用精英怪物
0
1
0
0.5
-1
10
12
-1
炼血堂弟子
1
false
27400701
七重敌军
41
多人活动用精英怪物
0
1
0
0.5
-1
11
13
-1
炼血堂精英
1
false
27400801
八重敌军
42
多人活动用精英怪物
0
1
0
0.5
-1
10
12
-1
炼血堂杀手
1
false
27400901
九重敌军
43
多人活动用精英怪物
0
1
0
0.5
-1
11
13
-1
炼血堂死士
1
false
27401001
十重敌军
44
多人活动用大boss
0
3
0
0.5
-1
-1
61
-1
血鲲
1
false
27420001
天机印
50
守塔木桩
6
1
0
0.5
-1
-1
-1
-1
天机印
1
false
27420101
一重敌军
50
多人活动用精英怪物
0
1
0
0.5
-1
58
57
-1
阴灵
1
false
27420201
二重敌军
51
多人活动用精英怪物
0
1
0
0.5
-1
58
57
-1
九幽阴灵
1
false
27420301
三重敌军
52
多人活动用精英怪物
0
1
0
0.5
-1
58
57
-1
鬼影
1
false
27420401
四重敌军
53
多人活动用精英怪物
0
1
0
0.5
-1
58
57
-1
冰尸鬼
1
false
27420501
五重敌军
54
多人活动用小boss
0
2
0
0.5
-1
41
40
-1
魔化普智大
1
false
27420601
六重敌军
55
多人活动用精英怪物
0
1
0
0.5
-1
10
12
-1
炼血堂弟子
1
false
27420701
七重敌军
56
多人活动用精英怪物
0
1
0
0.5
-1
11
13
-1
炼血堂精英
1
false
27420801
八重敌军
57
多人活动用精英怪物
0
1
0
0.5
-1
10
12
-1
炼血堂杀手
1
false
27420901
九重敌军
58
多人活动用精英怪物
0
1
0
0.5
-1
11
13
-1
炼血堂死士
1
false
27421001
十重敌军
59
多人活动用大boss
0
3
0
0.5
-1
-1
61
-1
血鲲
1
false
27430100
天机印
65
守塔木桩
6
1
0
0.5
-1
-1
-1
-1
天机印
1
false
27430101
一重敌军
65
多人活动用精英怪物
0
1
0
0.5
-1
24
26
-1
花魅
1
false
27430201
二重敌军
66
多人活动用精英怪物
0
1
0
0.5
-1
-1
56
-1
食人花
1
false
27430301
三重敌军
67
多人活动用精英怪物
0
1
0
0.5
-1
24
26
-1
牡丹花妖
1
false
27430401
四重敌军
68
多人活动用精英怪物
0
1
0
0.5
-1
30
29
-1
黑蝠
1
false
27430501
五重敌军
69
多人活动用小boss
0
2
0
0.5
-1
37
38
-1
秦无炎
1
false
27430601
六重敌军
70
多人活动用精英怪物
0
1
0
0.5
-1
4
5
-1
炎狼
1
false
27430701
七重敌军
71
多人活动用精英怪物
0
1
0
0.5
-1
11
13
-1
万毒弟子
1
false
27430801
八重敌军
72
多人活动用精英怪物
0
1
0
0.5
-1
10
12
-1
万毒精英
1
false
27430901
九重敌军
73
多人活动用精英怪物
0
1
0
0.5
-1
10
12
-1
百毒药人
1
false
27431001
十重敌军
74
多人活动用大boss
0
3
0
0.5
-1
10
12
-1
吸血老祖
1
false
27440100
天机印
80
守塔木桩
6
1
0
0.5
-1
-1
-1
-1
天机印
1
false
27440101
一重敌军
80
多人活动用精英怪物
0
1
0
0.5
-1
24
26
-1
魅狐
1
false
27440201
二重敌军
81
多人活动用精英怪物
0
1
0
0.5
-1
57
58
-1
阴灵
1
false
27440301
三重敌军
82
多人活动用精英怪物
0
1
0
0.5
-1
-1
-1
-1
树妖
1
false
27440401
四重敌军
83
多人活动用精英怪物
0
1
0
0.5
-1
57
58
-1
符鬼
1
false
27440501
五重敌军
84
多人活动用小boss
0
2
0
0.5
-1
32
31
-1
黑水玄蛇
1
false
27440601
六重敌军
85
多人活动用精英怪物
0
1
0
0.5
-1
10
12
-1
叛教弟子
1
false
27440701
七重敌军
86
多人活动用精英怪物
0
1
0
0.5
-1
11
13
-1
叛教精英
1
false
27440801
八重敌军
87
多人活动用精英怪物
0
1
0
0.5
-1
10
12
-1
流波海贼
1
false
27440901
九重敌军
88
多人活动用精英怪物
0
1
0
0.5
-1
-1
61
-1
天地戾魔
1
false
27441001
十重敌军
89
多人活动用大boss
0
3
0
0.5
-1
-1
61
-1
青龙怪
1
false
27450100
天机印
90
守塔木桩
6
1
0
0.5
-1
-1
-1
-1
天机印
1
false
27450101
一重敌军
90
多人活动用精英怪物
0
1
0
0.5
-1
11
13
-1
炼血堂杀手
1
false
27450201
二重敌军
90
多人活动用精英怪物
0
1
0
0.5
-1
-1
61
-1
牛人兽妖
1
false
27450301
三重敌军
90
多人活动用精英怪物
0
1
0
0.5
-1
19
18
-1
虎人兽妖
1
false
27450401
四重敌军
90
多人活动用精英怪物
0
1
0
0.5
-1
10
12
-1
长生堂弟子
1
false
27450501
五重敌军
90
多人活动用小boss
0
2
0
0.5
-1
51
50
-1
玉阳子
1
false
27450601
六重敌军
90
多人活动用精英怪物
0
1
0
0.5
-1
58
57
-1
鬼僧
1
false
27450701
七重敌军
90
多人活动用精英怪物
0
1
0
0.5
-1
58
57
-1
符鬼
1
false
27450801
八重敌军
90
多人活动用精英怪物
0
1
0
0.5
-1
58
57
-1
天地戾魔
1
false
27450901
九重敌军
90
多人活动用精英怪物
0
1
0
0.5
-1
58
57
-1
鬼影
1
false
27451001
十重敌军
90
多人活动用大boss
0
3
0
0.5
-1
41
40
-1
魔化普智
1
false
21030205
阿相
32
友方单位
7
1
0
0.5
-1
-1
-1
-1
阿相普攻
1
false
21030206
张小凡
32
友方单位
7
1
0
0.5
-1
-1
-1
-1
张小凡普攻
1
false
21030207
曾书书
32
友方单位
7
1
0
0.5
-1
-1
-1
-1
曾书书普攻
1
false
21030404
张小凡
35
友方单位
7
1
0
0.5
-1
-1
-1
-1
张小凡普攻
1
false
21030505
张小凡
37
友方单位
7
1
0
0.5
-1
-1
-1
-1
张小凡普攻
1
false
21030604
张小凡
39
友方单位
7
1
0
0.5
-1
-1
-1
-1
张小凡普攻
1
false
21030605
曾书书
39
友方单位
7
1
0
0.5
-1
-1
-1
-1
曾书书普攻
1
false
21030704
曾书书
40
友方单位
7
1
0
0.5
-1
-1
-1
-1
曾书书普攻
1
false
21030805
张小凡
42
友方单位
7
1
0
0.5
-1
-1
-1
-1
张小凡普攻
1
false
21031004
碧瑶
45
友方单位
7
1
0
0.5
-1
-1
-1
-1
碧瑶普攻
1
false
21030304
张小凡
32
友方单位
7
1
0
0.5
-1
-1
-1
-1
张小凡普攻
1
false
21030305
曾书书
32
友方单位
7
1
0
0.5
-1
-1
-1
-1
曾书书普攻
1
false
27301101
腾蛇
15
四灵降世小怪
0
1
1
我是一只会飞的蛇，只是还没长出翅膀。
0.5
-1
-1
-1
-1
戾蛇
1
false
27301102
无情海蟹
15
四灵降世小怪
0
1
1
我来自澄阳湖，不，无情海！
0.5
-1
-1
-1
-1
横行蟹
1
false
27301103
相柳
15
四灵降世小怪
0
1
1
我是相柳啊，大荒的相柳！
0.5
-1
-1
-1
-1
冰蛇
1
false
27301104
黑水玄蛇
15
四灵降世boss
0
3
1
千年沉睡之后，是谁唤醒吾的回忆。
0.5
-1
-1
-1
-1
黑水玄蛇
1
false
27301105
蝠王
15
四灵降世小怪
0
1
1
不知空桑山的姜老三还好么？
0.5
-1
-1
-1
-1
黑蝠
1
false
27301106
金翼蛊
15
四灵降世小怪
0
1
1
世界那么大，我想去天帝宝库看看。
0.5
-1
-1
-1
-1
血叶灵蛊
1
false
27301107
蛊雕
15
四灵降世小怪
0
1
1
我挥一挥翅膀，不带走一片树叶。
0.5
-1
-1
-1
-1
妖蝠
1
false
27301108
冰蚕蜂
15
四灵降世小怪
0
1
1
千年冰封，换我万里晴空。
0.5
-1
-1
-1
-1
冰晶灵蛊
1
false
27301109
毕方
15
四灵降世小怪
0
1
1
你知道吗？有一群美丽的生物，叫千纸鹤。
0.5
-1
-1
-1
-1
戾鹤
1
false
27301110
黄鸟
15
四灵降世boss
0
3
1
我也想像蛊雕一样挥一挥翅膀，呃……龙卷风来了。
0.5
-1
-1
-1
-1
黄鸟
1
false
27301201
腾蛇
30
四灵降世小怪
0
1
1
我是一只会飞的蛇，只是还没长出翅膀。
0.5
-1
-1
-1
-1
戾蛇
1
false
27301202
无情海蟹
30
四灵降世小怪
0
1
1
我来自澄阳湖，不，无情海！
0.5
-1
-1
-1
-1
横行蟹
1
false
27301203
相柳
30
四灵降世小怪
0
1
1
我是相柳啊，大荒的相柳！
0.5
-1
-1
-1
-1
冰蛇
1
false
27301204
黑水玄蛇
30
四灵降世boss
0
3
1
千年沉睡之后，是谁唤醒吾的回忆。
0.5
-1
-1
-1
-1
黑水玄蛇
1
false
27301205
蝠王
30
四灵降世小怪
0
1
1
不知空桑山的姜老三还好么？
0.5
-1
-1
-1
-1
黑蝠
1
false
27301206
金翼蛊
30
四灵降世小怪
0
1
1
世界那么大，我想去天帝宝库看看。
0.5
-1
-1
-1
-1
血叶灵蛊
1
false
27301207
蛊雕
30
四灵降世小怪
0
1
1
我挥一挥翅膀，不带走一片树叶。
0.5
-1
-1
-1
-1
妖蝠
1
false
27301208
冰蚕蜂
30
四灵降世小怪
0
1
1
千年冰封，换我万里晴空。
0.5
-1
-1
-1
-1
冰晶灵蛊
1
false
27301209
毕方
30
四灵降世小怪
0
1
1
你知道吗？有一群美丽的生物，叫千纸鹤。
0.5
-1
-1
-1
-1
戾鹤
1
false
27301210
黄鸟
30
四灵降世boss
0
3
1
我也想像蛊雕一样挥一挥翅膀，呃……龙卷风来了。
0.5
-1
-1
-1
-1
黄鸟
1
false
27301301
腾蛇
45
四灵降世小怪
0
1
1
我是一只会飞的蛇，只是还没长出翅膀。
0.5
-1
-1
-1
-1
戾蛇
1
false
27301302
无情海蟹
45
四灵降世小怪
0
1
1
我来自澄阳湖，不，无情海！
0.5
-1
-1
-1
-1
横行蟹
1
false
27301303
相柳
45
四灵降世小怪
0
1
1
我是相柳啊，大荒的相柳！
0.5
-1
-1
-1
-1
冰蛇
1
false
27301304
黑水玄蛇
45
四灵降世boss
0
3
1
千年沉睡之后，是谁唤醒吾的回忆。
0.5
-1
-1
-1
-1
黑水玄蛇
1
false
27301305
流波灵蟹
45
四灵降世小怪
0
1
1
我在流波山，守候你千年。
0.5
-1
-1
-1
-1
横行蟹
1
false
27301306
海底鲛人
45
四灵降世小怪
0
1
1
你可曾看过鲛人的眼泪？
0.5
-1
-1
-1
-1
鲛人
1
false
27301307
雷泽兽
45
四灵降世小怪
0
1
1
我就是雷泽之神夔牛……的小弟！
0.5
-1
-1
-1
-1
玄冥狼
1
false
27301308
银月仙鹿
45
四灵降世小怪
0
1
1
寒冷的冬季，我会拉着雪橇来看望你。
0.5
-1
-1
-1
-1
灵麋
1
false
27301309
山海鱼人
45
四灵降世小怪
0
1
1
山海醉，鱼人泪，千年光影里，你在等着谁？
0.5
-1
-1
-1
-1
鱼人
1
false
27301310
夔牛
45
四灵降世boss
0
3
1
排山倒海……吾踏浪而来……
0.5
-1
-1
-1
-1
夔牛
1
false
27301401
蛊雕
60
四灵降世小怪
0
1
1
我挥一挥翅膀，不带走一片树叶。
0.5
-1
-1
-1
-1
妖蝠
1
false
27301402
冰蚕蜂
60
四灵降世小怪
0
1
1
千年冰封，换我万里晴空。
0.5
-1
-1
-1
-1
冰晶灵蛊
1
false
27301403
毕方
60
四灵降世小怪
0
1
1
你知道吗？有一群美丽的生物，叫千纸鹤。
0.5
-1
-1
-1
-1
戾鹤
1
false
27301404
黄鸟
60
四灵降世boss
0
3
1
我也想像蛊雕一样挥一挥翅膀，呃……龙卷风来了。
0.5
-1
-1
-1
-1
黄鸟
1
false
27301405
流波灵蟹
60
四灵降世小怪
0
1
1
我在流波山，守候你千年。
0.5
-1
-1
-1
-1
横行蟹
1
false
27301406
海底鲛人
60
四灵降世小怪
0
1
1
你可曾看过鲛人的眼泪？
0.5
-1
-1
-1
-1
鲛人
1
false
27301407
雷泽兽
60
四灵降世小怪
0
1
1
我就是雷泽之神夔牛……的小弟！
0.5
-1
-1
-1
-1
玄冥狼
1
false
27301408
银月仙鹿
60
四灵降世小怪
0
1
1
寒冷的冬季，我会拉着雪橇来看望你。
0.5
-1
-1
-1
-1
灵麋
1
false
27301409
山海鱼人
60
四灵降世小怪
0
1
1
山海醉，鱼人泪，千年光影里，你在等着谁？
0.5
-1
-1
-1
-1
鱼人
1
false
27301410
夔牛
60
四灵降世boss
0
3
1
排山倒海……吾踏浪而来……
0.5
-1
-1
-1
-1
夔牛
1
false
27301501
蛊雕
75
四灵降世小怪
0
1
1
我挥一挥翅膀，不带走一片树叶。
0.5
-1
-1
-1
-1
妖蝠
1
false
27301502
冰蚕蜂
75
四灵降世小怪
0
1
1
千年冰封，换我万里晴空。
0.5
-1
-1
-1
-1
冰晶灵蛊
1
false
27301503
毕方
75
四灵降世小怪
0
1
1
你知道吗？有一群美丽的生物，叫千纸鹤。
0.5
-1
-1
-1
-1
戾鹤
1
false
27301504
黄鸟
75
四灵降世boss
0
3
1
我也想像蛊雕一样挥一挥翅膀，呃……龙卷风来了。
0.5
-1
-1
-1
-1
黄鸟
1
false
27301505
空明石猴
75
四灵降世小怪
0
1
1
三眼灵猴？那是我兄弟啊！
0.5
-1
-1
-1
-1
火猿
1
false
27301506
熔岩犬
75
四灵降世小怪
0
1
1
饕餮大人一点也没有架子……除了和我抢东西吃的时候。
0.5
-1
-1
-1
-1
熔岩犬小怪
1
false
27301507
赤炎兽
75
四灵降世小怪
0
1
1
万年之前，饕餮大人的身边，还跟着一个美少年。
0.5
-1
-1
-1
-1
赤炎兽
1
false
27301508
玲珑之侍
75
四灵降世小怪
0
1
1
娘娘在那镇魔古洞之外，守了一万年了。
0.5
-1
-1
-1
-1
牡丹花妖
1
false
27301509
兽神之侍
75
四灵降世小怪
0
1
1
我听到了主人觉醒的气息！
0.5
-1
-1
-1
-1
兽神煞气
1
false
27301510
饕餮
75
四灵降世boss
0
3
1
唯主人与美食不可辜负。
0.5
-1
-1
-1
-1
饕餮
1
false
27301601
流波灵蟹
90
四灵降世小怪
0
1
1
我在流波山，守候你千年。
0.5
-1
-1
-1
-1
横行蟹
1
false
27301602
银月仙鹿
90
四灵降世小怪
0
1
1
寒冷的冬季，我会拉着雪橇来看望你。
0.5
-1
-1
-1
-1
灵麋
1
false
27301603
山海鱼人
90
四灵降世小怪
0
1
1
山海醉，鱼人泪，千年光影里，你在等着谁？
0.5
-1
-1
-1
-1
鱼人
1
false
27301604
夔牛
90
四灵降世boss
0
3
1
排山倒海……吾踏浪而来……
0.5
-1
-1
-1
-1
夔牛
1
false
27301605
空明石猴
90
四灵降世小怪
0
1
1
三眼灵猴？那是我兄弟啊！
0.5
-1
-1
-1
-1
火猿
1
false
27301606
熔岩犬
90
四灵降世小怪
0
1
1
饕餮大人一点也没有架子……除了和我抢东西吃的时候。
0.5
-1
-1
-1
-1
熔岩犬小怪
1
false
27301607
赤炎兽
90
四灵降世小怪
0
1
1
万年之前，饕餮大人的身边，还跟着一个美少年。
0.5
-1
-1
-1
-1
赤炎兽
1
false
27301608
玲珑之侍
90
四灵降世小怪
0
1
1
娘娘在那镇魔古洞之外，守了一万年了。
0.5
-1
-1
-1
-1
牡丹花妖
1
false
27301609
兽神之侍
90
四灵降世小怪
0
1
1
我听到了主人觉醒的气息！
0.5
-1
-1
-1
-1
兽神煞气
1
false
27301610
饕餮
90
四灵降世boss
0
3
1
唯主人与美食不可辜负。
0.5
-1
-1
-1
-1
饕餮
1
false
27301701
蛊雕
105
四灵降世小怪
0
1
1
我挥一挥翅膀，不带走一片树叶。
0.5
-1
-1
-1
-1
妖蝠
1
false
27301702
冰蚕蜂
105
四灵降世小怪
0
1
1
千年冰封，换我万里晴空。
0.5
-1
-1
-1
-1
冰晶灵蛊
1
false
27301703
毕方
105
四灵降世小怪
0
1
1
你知道吗？有一群美丽的生物，叫千纸鹤。
0.5
-1
-1
-1
-1
戾鹤
1
false
27301704
黄鸟
105
四灵降世boss
0
3
1
我也想像蛊雕一样挥一挥翅膀，呃……龙卷风来了。
0.5
-1
-1
-1
-1
黄鸟
1
false
27301705
水虺
105
四灵降世小怪
0
1
1
我是一只小青龙……小青龙……
0.5
-1
-1
-1
-1
戾蛇
1
false
27301706
北海蛟
105
四灵降世小怪
0
1
1
别理前面那只水虺，他蹭烛龙大人的人气很多年了。
0.5
-1
-1
-1
-1
冰蛇
1
false
27301707
龙冢剑灵
105
四灵降世小怪
0
1
1
龙冢开启之日，便是烛龙大人觉醒之时。
0.5
-1
-1
-1
-1
剑痴
1
false
27301708
侍剑龙女
105
四灵降世小怪
0
1
1
这里有龙，是真龙耶！
0.5
-1
-1
-1
-1
鬼童子
1
false
27301709
龙魂
105
四灵降世小怪
0
1
1
你，可就是我等候千年的人？
0.5
-1
-1
-1
-1
冰尸鬼
1
false
27301710
烛龙
105
四灵降世boss
0
3
1
是谁吵醒吾……
0.5
-1
-1
-1
-1
烛龙
1
false
27301801
赤炎兽
120
四灵降世小怪
0
1
1
万年之前，饕餮大人的身边，还跟着一个美少年。
0.5
-1
-1
-1
-1
赤炎兽
1
false
27301802
玲珑之侍
120
四灵降世小怪
0
1
1
娘娘在那镇魔古洞之外，守了一万年了。
0.5
-1
-1
-1
-1
牡丹花妖
1
false
27301803
兽神之侍
120
四灵降世小怪
0
1
1
我听到了主人觉醒的气息！
0.5
-1
-1
-1
-1
兽神煞气
1
false
27301804
饕餮
120
四灵降世boss
0
3
1
唯主人与美食不可辜负。
0.5
-1
-1
-1
-1
饕餮
1
false
27301805
水虺
120
四灵降世小怪
0
1
1
我是一只小青龙……小青龙……
0.5
-1
-1
-1
-1
戾蛇
1
false
27301806
北海蛟
120
四灵降世小怪
0
1
1
别理前面那只水虺，他蹭烛龙大人的人气很多年了。
0.5
-1
-1
-1
-1
冰蛇
1
false
27301807
龙冢剑灵
120
四灵降世小怪
0
1
1
龙冢开启之日，便是烛龙大人觉醒之时。
0.5
-1
-1
-1
-1
剑痴
1
false
27301808
侍剑龙女
120
四灵降世小怪
0
1
1
这里有龙，是真龙耶！
0.5
-1
-1
-1
-1
鬼童子
1
false
27301809
龙魂
120
四灵降世小怪
0
1
1
你，可就是我等候千年的人？
0.5
-1
-1
-1
-1
冰尸鬼
1
false
27301810
烛龙
120
四灵降世boss
0
3
1
是谁吵醒吾……
0.5
-1
-1
-1
-1
烛龙
1
false
30100001
剑痴
50
普通怪物
0
1
2
来者何人！！！
什么声音！
0.5
-1
43
42
-1
灵猴
1
false
30100002
百毒子
50
普通怪物
0
1
2
来者何人！！！
什么声音！
0.5
-1
28
27
-1
灵猴
1
false
30100003
蝠母
50
普通怪物
0
1
2
来者何人！！！
什么声音！
0.5
-1
30
29
-1
灵猴
1
false
30100004
蝠王
50
普通怪物
0
1
2
来者何人！！！
什么声音！
0.5
-1
30
29
-1
灵猴
1
false
30100005
黑水玄蛇
50
普通怪物
0
1
2
来者何人！！！
什么声音！
0.5
-1
32
31
-1
灵猴
1
false
30100006
黑衣苍松
50
普通怪物
0
1
2
来者何人！！！
什么声音！
0.5
-1
53
52
-1
灵猴
1
false
30100007
黄鸟
50
普通怪物
0
1
2
来者何人！！！
什么声音！
0.5
-1
-1
33
-1
灵猴
1
false
30100008
林三娘
50
普通怪物
0
1
2
来者何人！！！
什么声音！
0.5
-1
35
34
-1
灵猴
1
false
30100009
刘镐
50
普通怪物
0
1
2
来者何人！！！
什么声音！
0.5
-1
37
36
-1
灵猴
1
false
30100010
孟骥
50
普通怪物
0
1
2
来者何人！！！
什么声音！
0.5
-1
39
38
-1
灵猴
1
false
30100011
年老大
50
普通怪物
0
1
2
来者何人！！！
什么声音！
0.5
-1
43
42
-1
灵猴
1
false
30100012
熔岩犬
50
普通怪物
0
1
2
来者何人！！！
什么声音！
0.5
-1
45
44
-1
灵猴
1
false
30100013
尸王
50
普通怪物
0
1
2
来者何人！！！
什么声音！
0.5
-1
47
46
-1
灵猴
1
false
30100014
兽神
50
普通怪物
0
1
2
来者何人！！！
什么声音！
0.5
-1
49
48
-1
灵猴
1
false
30100015
野狗
60
普通怪物
0
1
2
来者何人！！！
什么声音！
0.5
-1
39
38
-1
灵猴
1
false
30100016
玉阳子
60
普通怪物
0
1
2
来者何人！！！
什么声音！
0.5
-1
51
50
-1
灵猴
1
false
30100017
百毒药人
19
普通怪物
0
1
2
来者何人！！！
什么声音！
0.5
-1
10
12
-1
灵猴
1
false
30100018
白骨魔
19
普通怪物
0
1
2
来者何人！！！
什么声音！
0.5
-1
58
57
-1
灵猴
1
false
30100019
白狐
23
普通怪物
0
1
2
来者何人！！！
什么声音！
0.5
-1
4
5
-1
灵猴
1
false
30100020
冰尸鬼
23
普通怪物
0
1
2
来者何人！！！
什么声音！
0.5
-1
58
57
-1
灵猴
1
false
30100021
长生堂弟子
27
普通怪物
0
1
2
来者何人！！！
什么声音！
0.5
-1
10
12
-1
灵猴
1
false
30100022
赤炎兽
27
普通怪物
0
1
2
来者何人！！！
什么声音！
0.5
-1
49
48
-1
灵猴
1
false
30100023
毒蚊
27
普通怪物
0
1
2
来者何人！！！
什么声音！
0.5
-1
20
21
-1
灵猴
1
false
30100024
蝠怪
27
普通怪物
0
1
2
来者何人！！！
什么声音！
0.5
-1
20
21
-1
灵猴
1
false
30100025
怪狼
30
普通怪物
0
1
2
来者何人！！！
什么声音！
0.5
-1
4
5
-1
灵猴
1
false
30100026
鬼道弟子
30
普通怪物
0
1
2
来者何人！！！
什么声音！
0.5
-1
10
12
-1
灵猴
1
false
30100027
鬼道精英
30
普通怪物
0
1
2
来者何人！！！
什么声音！
0.5
-1
10
12
-1
灵猴
1
false
30100028
鬼道巫师
30
普通怪物
0
1
2
来者何人！！！
什么声音！
0.5
-1
11
13
-1
灵猴
1
false
30100029
鬼判
30
普通怪物
0
1
2
来者何人！！！
什么声音！
0.5
-1
-1
14
-1
灵猴
1
false
30100030
鬼影
30
普通怪物
0
1
2
来者何人！！！
什么声音！
0.5
-1
58
57
-1
灵猴
1
false
30100031
黑蝠
30
普通怪物
0
1
2
来者何人！！！
什么声音！
0.5
-1
20
21
-1
灵猴
1
false
30100032
横行蟹
30
普通怪物
0
1
2
来者何人！！！
什么声音！
0.5
-1
20
21
-1
灵猴
1
false
30100033
花魅
30
普通怪物
0
1
2
来者何人！！！
什么声音！
0.5
-1
23
25
-1
灵猴
1
false
30100034
幻妖蝶
30
普通怪物
0
1
2
来者何人！！！
什么声音！
0.5
-1
-1
-1
-1
灵猴
1
false
30100035
虎人兽妖
30
普通怪物
0
1
2
来者何人！！！
什么声音！
0.5
-1
-1
18
-1
灵猴
1
false
30100036
剑灵
30
普通怪物
0
1
2
来者何人！！！
什么声音！
0.5
-1
-1
-1
-1
灵猴
1
false
26091203
鲛人
27
普通怪物
0
1
2
来者何人！！！
什么声音！
0.5
-1
24
26
-1
灵猴
1
false
30100038
炼血堂杀手
27
普通怪物
0
1
2
来者何人！！！
什么声音！
0.5
-1
10
12
-1
灵猴
1
false
30100039
戾鹤
27
普通怪物
0
1
2
来者何人！！！
什么声音！
0.5
-1
-1
-1
-1
灵猴
1
false
30100040
灵猴
27
普通怪物
0
1
2
来者何人！！！
什么声音！
0.5
-1
55
54
-1
灵猴
1
false
30100041
灵麋
50
普通怪物
0
1
2
来者何人！！！
什么声音！
0.5
-1
9
8
-1
灵猴
1
false
30100042
戾蛇
50
普通怪物
0
1
2
来者何人！！！
什么声音！
0.5
-1
20
21
-1
灵猴
1
false
30100043
刘波海女
50
普通怪物
0
1
2
来者何人！！！
什么声音！
0.5
-1
23
25
-1
灵猴
1
false
30100044
刘波海贼
50
普通怪物
0
1
2
来者何人！！！
什么声音！
0.5
-1
10
12
-1
灵猴
1
false
30100045
猫女
50
普通怪物
0
1
2
来者何人！！！
什么声音！
0.5
-1
23
25
-1
灵猴
1
false
30100046
蒙面杀手
50
普通怪物
1
1
2
来者何人！！！
什么声音！
0.5
-1
11
13
-1
灵猴
1
false
30100047
鸣蛇
50
普通怪物
0
1
2
来者何人！！！
什么声音！
0.5
-1
20
21
-1
灵猴
1
false
30100048
牡丹花妖
50
普通怪物
0
1
2
来者何人！！！
什么声音！
0.5
-1
23
25
-1
灵猴
1
false
30100049
牛人兽妖
50
普通怪物
0
1
2
来者何人！！！
什么声音！
0.5
-1
49
48
-1
灵猴
1
false
30100050
人鱼
50
普通怪物
0
1
2
来者何人！！！
什么声音！
0.5
-1
60
59
-1
灵猴
1
false
30100051
山魈
50
普通怪物
0
1
2
来者何人！！！
什么声音！
0.5
-1
1
2
-1
灵猴
1
false
30100052
树妖
50
普通怪物
0
1
2
来者何人！！！
什么声音！
0.5
-1
-1
56
-1
灵猴
1
false
30100053
凶灵
50
普通怪物
0
1
2
来者何人！！！
什么声音！
0.5
-1
58
57
-1
灵猴
1
false
30100054
血灵
50
普通怪物
0
1
2
来者何人！！！
什么声音！
0.5
-1
20
21
-1
灵猴
1
false
30100055
血叶灵蛊
50
普通怪物
0
1
2
来者何人！！！
什么声音！
0.5
-1
20
21
-1
灵猴
1
false
30100056
妖蝶
50
普通怪物
0
1
2
来者何人！！！
什么声音！
0.5
-1
23
25
-1
灵猴
1
false
30100057
野猪
50
普通怪物
0
1
2
来者何人！！！
什么声音！
0.5
-1
15
16
-1
灵猴
1
false
30100058
银铃狸猫
50
普通怪物
0
1
2
来者何人！！！
什么声音！
0.5
-1
-1
6
-1
灵猴
1
false
30100059
猿猴
50
普通怪物
0
1
2
来者何人！！！
什么声音！
0.5
-1
1
2
-1
灵猴
1
false
30100060
鱼人
50
普通怪物
0
1
2
来者何人！！！
什么声音！
0.5
-1
23
25
-1
灵猴
1
false
30100061
猪妖
50
普通怪物
0
1
2
来者何人！！！
什么声音！
0.5
-1
15
16
-1
灵猴
1
false
30100062
大黑蜘
50
普通怪物
0
1
2
来者何人！！！
什么声音！
0.5
-1
20
21
-1
灵猴
1
false
30100063
黑心老人
50
普通怪物
0
1
2
来者何人！！！
什么声音！
0.5
-1
11
13
-1
灵猴
1
false
30100064
黑衣人
50
普通怪物
0
1
2
来者何人！！！
什么声音！
0.5
-1
10
12
-1
灵猴
1
false
30100065
精灵幅人
50
普通怪物
0
1
2
来者何人！！！
什么声音！
0.5
-1
20
21
-1
灵猴
1
false
30100066
六尾魔狐
50
普通怪物
0
1
2
来者何人！！！
什么声音！
0.5
-1
10
12
-1
灵猴
1
false
30100067
魔化普智
50
普通怪物
0
1
2
来者何人！！！
什么声音！
0.5
-1
41
40
-1
灵猴
1
false
30100068
三尾妖狐
50
普通怪物
0
1
2
来者何人！！！
什么声音！
0.5
-1
24
26
-1
灵猴
1
false
30100069
心魔
50
普通怪物
0
1
2
来者何人！！！
什么声音！
0.5
-1
57
58
-1
灵猴
1
false
30100070
吸血老祖
50
普通怪物
0
1
2
来者何人！！！
什么声音！
0.5
-1
10
12
-1
灵猴
1
false
30100071
鬼僧
50
普通怪物
0
1
2
来者何人！！！
什么声音！
0.5
-1
-1
14
-1
灵猴
1
false
30100072
鬼童子
50
普通怪物
0
1
2
来者何人！！！
什么声音！
0.5
-1
23
25
-1
灵猴
1
false
30100073
火龙
50
普通怪物
0
1
2
来者何人！！！
什么声音！
0.5
-1
32
31
-1
灵猴
1
false
30100074
剑齿虎
50
普通怪物
0
1
2
来者何人！！！
什么声音！
0.5
-1
-1
18
-1
灵猴
1
false
30100075
九幽凶煞
50
普通怪物
0
1
2
来者何人！！！
什么声音！
0.5
-1
58
57
-1
灵猴
1
false
30100076
九幽阴灵
50
普通怪物
0
1
2
来者何人！！！
什么声音！
0.5
-1
24
26
-1
灵猴
1
false
30100077
炼血堂死士
50
普通怪物
0
1
2
来者何人！！！
什么声音！
0.5
-1
11
13
-1
灵猴
1
false
30100078
媚狐
50
普通怪物
0
1
2
来者何人！！！
什么声音！
0.5
-1
23
25
-1
灵猴
1
false
30100079
食人花
50
普通怪物
0
1
2
来者何人！！！
什么声音！
0.5
-1
-1
56
-1
灵猴
1
false
30100080
兽神煞气
50
普通怪物
0
1
2
来者何人！！！
什么声音！
0.5
-1
49
61
-1
灵猴
1
false
30100081
树精
50
普通怪物
0
1
2
来者何人！！！
什么声音！
0.5
-1
-1
56
-1
灵猴
1
false
30100082
天地唳魔
50
普通怪物
0
1
2
来者何人！！！
什么声音！
0.5
-1
58
57
-1
灵猴
1
false
30100083
万毒精英
50
普通怪物
0
1
2
来者何人！！！
什么声音！
0.5
-1
10
12
-1
灵猴
1
false
30100084
万毒妖人
50
普通怪物
0
1
2
来者何人！！！
什么声音！
0.5
-1
11
13
-1
灵猴
1
false
30100085
血骨
50
普通怪物
0
1
2
来者何人！！！
什么声音！
0.5
-1
32
31
-1
灵猴
1
false
30100086
银铃
50
普通怪物
0
1
2
来者何人！！！
什么声音！
0.5
-1
58
57
-1
灵猴
1
false
27200001
年老大
50
普通怪物
0
3
2
来者何人！！！
什么声音！
0.5
-1
43
42
-1
年老大
1
false
27200002
尸王
50
普通怪物
0
3
2
来者何人！！！
什么声音！
0.5
-1
47
46
-1
尸王
1
false
27200003
刘镐
50
普通怪物
0
3
2
来者何人！！！
什么声音！
0.5
-1
37
36
-1
刘镐
1
false
27200004
魔化普智
50
普通怪物
0
3
2
来者何人！！！
什么声音！
0.5
-1
41
40
-1
魔化普智
1
false
27200005
小灰
50
普通怪物
0
3
2
来者何人！！！
什么声音！
0.5
-1
-1
-1
-1
小灰怪
1
false
27200006
林三娘
50
普通怪物
0
3
2
来者何人！！！
什么声音！
0.5
-1
35
34
-1
林三娘
1
false
27200007
试炼魔物
15
经验副本怪
0
1
1
全民修真，唯爱青云！
0.01
-1
-1
-1
-1
符鬼
1
false
27200008
试炼妖人
15
经验副本怪
0
1
1
全民修真，唯爱青云！
0.01
-1
58
57
-1
冰尸鬼
1
false
27200009
试炼仙灵
15
经验副本怪
0
1
1
全民修真，唯爱青云！
0.01
-1
24
26
-1
花魅
1
false
27200010
试炼梦魇
15
经验副本怪
0
1
1
全民修真，唯爱青云！
0.01
-1
-1
-1
-1
鬼僧
1
false
27200011
试炼鬼瘴
15
经验副本怪
0
1
1
全民修真，唯爱青云！
0.01
-1
23
25
-1
阴灵
1
false
27200012
试炼心魔
15
经验副本BOSS
0
3
1
全民修真，唯爱青云！
0.01
-1
58
57
-1
心魔大
1
false
27200013
试炼魔物
30
经验副本怪
0
1
1
全民修真，唯爱青云！
0.01
-1
-1
-1
-1
符鬼
1
false
27200014
试炼妖人
30
经验副本怪
0
1
1
全民修真，唯爱青云！
0.01
-1
58
57
-1
冰尸鬼
1
false
27200015
试炼仙灵
30
经验副本怪
0
1
1
全民修真，唯爱青云！
0.01
-1
24
26
-1
花魅
1
false
27200016
试炼梦魇
30
经验副本怪
0
1
1
全民修真，唯爱青云！
0.01
-1
-1
-1
-1
鬼僧
1
false
27200017
试炼鬼瘴
30
经验副本怪
0
1
1
全民修真，唯爱青云！
0.01
-1
23
25
-1
阴灵
1
false
27200018
试炼心魔
30
经验副本BOSS
0
3
1
全民修真，唯爱青云！
0.01
-1
58
57
-1
心魔大
1
false
27200019
试炼魔物
45
经验副本怪
0
1
1
全民修真，唯爱青云！
0.01
-1
-1
-1
-1
符鬼
1
false
27200020
试炼妖人
45
经验副本怪
0
1
1
全民修真，唯爱青云！
0.01
-1
58
57
-1
冰尸鬼
1
false
27200021
试炼仙灵
45
经验副本怪
0
1
1
全民修真，唯爱青云！
0.01
-1
24
26
-1
花魅
1
false
27200022
试炼梦魇
45
经验副本怪
0
1
1
全民修真，唯爱青云！
0.01
-1
-1
-1
-1
鬼僧
1
false
27200023
试炼鬼瘴
45
经验副本怪
0
1
1
全民修真，唯爱青云！
0.01
-1
23
25
-1
阴灵
1
false
27200024
试炼心魔
45
经验副本BOSS
0
3
1
全民修真，唯爱青云！
0.01
-1
58
57
-1
心魔大
1
false
27200025
试炼魔物
60
经验副本怪
0
1
1
全民修真，唯爱青云！
0.01
-1
-1
-1
-1
符鬼
1
false
27200026
试炼妖人
60
经验副本怪
0
1
1
全民修真，唯爱青云！
0.01
-1
58
57
-1
冰尸鬼
1
false
27200027
试炼仙灵
60
经验副本怪
0
1
1
全民修真，唯爱青云！
0.01
-1
24
26
-1
花魅
1
false
27200028
试炼梦魇
60
经验副本怪
0
1
1
全民修真，唯爱青云！
0.01
-1
-1
-1
-1
鬼僧
1
false
27200029
试炼鬼瘴
60
经验副本怪
0
1
1
全民修真，唯爱青云！
0.01
-1
23
25
-1
阴灵
1
false
27200030
试炼心魔
60
经验副本BOSS
0
3
1
全民修真，唯爱青云！
0.01
-1
58
57
-1
心魔大
1
false
27200031
试炼魔物
75
经验副本怪
0
1
1
全民修真，唯爱青云！
0.01
-1
-1
-1
-1
符鬼
1
false
27200032
试炼妖人
75
经验副本怪
0
1
1
全民修真，唯爱青云！
0.01
-1
58
57
-1
冰尸鬼
1
false
27200033
试炼仙灵
75
经验副本怪
0
1
1
全民修真，唯爱青云！
0.01
-1
24
26
-1
花魅
1
false
27200034
试炼梦魇
75
经验副本怪
0
1
1
全民修真，唯爱青云！
0.01
-1
-1
-1
-1
鬼僧
1
false
27200035
试炼鬼瘴
75
经验副本怪
0
1
1
全民修真，唯爱青云！
0.01
-1
23
25
-1
阴灵
1
false
27200036
试炼心魔
75
经验副本BOSS
0
3
1
全民修真，唯爱青云！
0.01
-1
58
57
-1
心魔大
1
false
27200037
试炼魔物
90
经验副本怪
0
1
1
全民修真，唯爱青云！
0.01
-1
-1
-1
-1
符鬼
1
false
27200038
试炼妖人
90
经验副本怪
0
1
1
全民修真，唯爱青云！
0.01
-1
58
57
-1
冰尸鬼
1
false
27200039
试炼仙灵
90
经验副本怪
0
1
1
全民修真，唯爱青云！
0.01
-1
24
26
-1
花魅
1
false
27200040
试炼梦魇
90
经验副本怪
0
1
1
全民修真，唯爱青云！
0.01
-1
-1
-1
-1
鬼僧
1
false
27200041
试炼鬼瘴
90
经验副本怪
0
1
1
全民修真，唯爱青云！
0.01
-1
23
25
-1
阴灵
1
false
27200042
试炼心魔
90
经验副本BOSS
0
3
1
全民修真，唯爱青云！
0.01
-1
58
57
-1
心魔大
1
false
27200043
金钱副本怪
15
日常副本普通怪物
0
1
1
全民修真，唯爱青云！
0.01
-1
20
21
-1
金蟾绿
1
false
27200044
金钱副本怪
15
日常副本普通怪物
0
1
1
全民修真，唯爱青云！
0.01
-1
20
21
-1
金蟾银
1
false
27200045
金钱副本怪
15
日常副本普通怪物
0
1
1
全民修真，唯爱青云！
0.01
-1
20
21
-1
金蟾金
1
false
27200046
金钱副本怪
15
日常副本普通怪物
0
1
1
全民修真，唯爱青云！
0.01
-1
20
21
-1
金蟾水晶
1
false
27200047
金钱副本怪
15
日常副本普通怪物
0
1
1
全民修真，唯爱青云！
0.01
-1
20
21
-1
貔貅绿
1
false
27200048
金钱副本BOSS
15
日常副本boss
0
3
1
全民修真，唯爱青云！
0.01
-1
20
21
-1
貔貅金
1
false
27200049
金钱副本怪
30
日常副本普通怪物
0
1
1
全民修真，唯爱青云！
0.01
-1
20
21
-1
金蟾绿
1
false
27200050
金钱副本怪
30
日常副本普通怪物
0
1
1
全民修真，唯爱青云！
0.01
-1
20
21
-1
金蟾银
1
false
27200051
金钱副本怪
30
日常副本普通怪物
0
1
1
全民修真，唯爱青云！
0.01
-1
20
21
-1
金蟾金
1
false
27200052
金钱副本怪
30
日常副本普通怪物
0
1
1
全民修真，唯爱青云！
0.01
-1
20
21
-1
金蟾水晶
1
false
27200053
金钱副本怪
30
日常副本普通怪物
0
1
1
全民修真，唯爱青云！
0.01
-1
20
21
-1
貔貅绿
1
false
27200054
金钱副本BOSS
30
日常副本boss
0
3
1
全民修真，唯爱青云！
0.01
-1
20
21
-1
貔貅金
1
false
27200055
金钱副本怪
45
日常副本普通怪物
0
1
1
全民修真，唯爱青云！
0.01
-1
20
21
-1
金蟾绿
1
false
27200056
金钱副本怪
45
日常副本普通怪物
0
1
1
全民修真，唯爱青云！
0.01
-1
20
21
-1
金蟾银
1
false
27200057
金钱副本怪
45
日常副本普通怪物
0
1
1
全民修真，唯爱青云！
0.01
-1
20
21
-1
金蟾金
1
false
27200058
金钱副本怪
45
日常副本普通怪物
0
1
1
全民修真，唯爱青云！
0.01
-1
20
21
-1
金蟾水晶
1
false
27200059
金钱副本怪
45
日常副本普通怪物
0
1
1
全民修真，唯爱青云！
0.01
-1
20
21
-1
貔貅绿
1
false
27200060
金钱副本BOSS
45
日常副本boss
0
3
1
全民修真，唯爱青云！
0.01
-1
20
21
-1
貔貅金
1
false
27200061
金钱副本怪
60
日常副本普通怪物
0
1
1
全民修真，唯爱青云！
0.01
-1
20
21
-1
金蟾绿
1
false
27200062
金钱副本怪
60
日常副本普通怪物
0
1
1
全民修真，唯爱青云！
0.01
-1
20
21
-1
金蟾银
1
false
27200063
金钱副本怪
60
日常副本普通怪物
0
1
1
全民修真，唯爱青云！
0.01
-1
20
21
-1
金蟾金
1
false
27200064
金钱副本怪
60
日常副本普通怪物
0
1
1
全民修真，唯爱青云！
0.01
-1
20
21
-1
金蟾水晶
1
false
27200065
金钱副本怪
60
日常副本普通怪物
0
1
1
全民修真，唯爱青云！
0.01
-1
20
21
-1
貔貅绿
1
false
27200066
金钱副本BOSS
60
日常副本boss
0
3
1
全民修真，唯爱青云！
0.01
-1
20
21
-1
貔貅金
1
false
27200067
金钱副本怪
75
日常副本普通怪物
0
1
1
全民修真，唯爱青云！
0.01
-1
20
21
-1
金蟾绿
1
false
27200068
金钱副本怪
75
日常副本普通怪物
0
1
1
全民修真，唯爱青云！
0.01
-1
20
21
-1
金蟾银
1
false
27200069
金钱副本怪
75
日常副本普通怪物
0
1
1
全民修真，唯爱青云！
0.01
-1
20
21
-1
金蟾金
1
false
27200070
金钱副本怪
75
日常副本普通怪物
0
1
1
全民修真，唯爱青云！
0.01
-1
20
21
-1
金蟾水晶
1
false
27200071
金钱副本怪
75
日常副本普通怪物
0
1
1
全民修真，唯爱青云！
0.01
-1
20
21
-1
貔貅绿
1
false
27200072
金钱副本BOSS
75
日常副本boss
0
3
1
全民修真，唯爱青云！
0.01
-1
20
21
-1
貔貅金
1
false
27200073
金钱副本怪
90
日常副本普通怪物
0
1
1
全民修真，唯爱青云！
0.01
-1
20
21
-1
金蟾绿
1
false
27200074
金钱副本怪
90
日常副本普通怪物
0
1
1
全民修真，唯爱青云！
0.01
-1
20
21
-1
金蟾银
1
false
27200075
金钱副本怪
90
日常副本普通怪物
0
1
1
全民修真，唯爱青云！
0.01
-1
20
21
-1
金蟾金
1
false
27200076
金钱副本怪
90
日常副本普通怪物
0
1
1
全民修真，唯爱青云！
0.01
-1
20
21
-1
金蟾水晶
1
false
27200077
金钱副本怪
90
日常副本普通怪物
0
1
1
全民修真，唯爱青云！
0.01
-1
20
21
-1
貔貅绿
1
false
27200078
金钱副本BOSS
90
日常副本boss
0
3
1
全民修真，唯爱青云！
0.01
-1
20
21
-1
貔貅金
1
false
27200079
造化副本怪
15
日常副本普通怪物
0
1
1
全民修真，唯爱青云！
0.01
-1
10
12
-1
长生堂弟子
1
false
27200080
造化副本怪
15
日常副本普通怪物
0
1
1
全民修真，唯爱青云！
0.01
-1
11
13
-1
叛教弟子
1
false
27200081
造化副本怪
15
日常副本普通怪物
0
1
1
全民修真，唯爱青云！
0.01
-1
10
12
-1
叛教精英
1
false
27200082
造化副本怪
15
日常副本普通怪物
0
1
1
全民修真，唯爱青云！
0.01
-1
10
12
-1
炼血堂死士
1
false
27200083
造化副本怪
15
日常副本普通怪物
0
1
1
全民修真，唯爱青云！
0.01
-1
11
13
-1
炼血堂精英
1
false
27200084
造化副本BOSS
15
日常副本boss
0
3
1
全民修真，唯爱青云！
0.01
-1
37
36
-1
刘镐
1
false
27200085
造化副本怪
30
日常副本普通怪物
0
1
1
全民修真，唯爱青云！
0.01
-1
10
12
-1
长生堂弟子
1
false
27200086
造化副本怪
30
日常副本普通怪物
0
1
1
全民修真，唯爱青云！
0.01
-1
11
13
-1
叛教弟子
1
false
27200087
造化副本怪
30
日常副本普通怪物
0
1
1
全民修真，唯爱青云！
0.01
-1
10
12
-1
叛教精英
1
false
27200088
造化副本怪
30
日常副本普通怪物
0
1
1
全民修真，唯爱青云！
0.01
-1
10
12
-1
炼血堂死士
1
false
27200089
造化副本怪
30
日常副本普通怪物
0
1
1
全民修真，唯爱青云！
0.01
-1
11
13
-1
炼血堂精英
1
false
27200090
造化副本BOSS
30
日常副本boss
0
3
1
全民修真，唯爱青云！
0.01
-1
37
36
-1
刘镐
1
false
27200091
造化副本怪
45
日常副本普通怪物
0
1
1
全民修真，唯爱青云！
0.01
-1
10
12
-1
长生堂弟子
1
false
27200092
造化副本怪
45
日常副本普通怪物
0
1
1
全民修真，唯爱青云！
0.01
-1
11
13
-1
叛教弟子
1
false
27200093
造化副本怪
45
日常副本普通怪物
0
1
1
全民修真，唯爱青云！
0.01
-1
10
12
-1
叛教精英
1
false
27200094
造化副本怪
45
日常副本普通怪物
0
1
1
全民修真，唯爱青云！
0.01
-1
10
12
-1
炼血堂死士
1
false
27200095
造化副本怪
45
日常副本普通怪物
0
1
1
全民修真，唯爱青云！
0.01
-1
11
13
-1
炼血堂精英
1
false
27200096
造化副本BOSS
45
日常副本boss
0
3
1
全民修真，唯爱青云！
0.01
-1
37
36
-1
刘镐
1
false
27200097
造化副本怪
60
日常副本普通怪物
0
1
1
全民修真，唯爱青云！
0.01
-1
10
12
-1
长生堂弟子
1
false
27200098
造化副本怪
60
日常副本普通怪物
0
1
1
全民修真，唯爱青云！
0.01
-1
11
13
-1
叛教弟子
1
false
27200099
造化副本怪
60
日常副本普通怪物
0
1
1
全民修真，唯爱青云！
0.01
-1
10
12
-1
叛教精英
1
false
27200100
造化副本怪
60
日常副本普通怪物
0
1
1
全民修真，唯爱青云！
0.01
-1
10
12
-1
炼血堂死士
1
false
27200101
造化副本怪
60
日常副本普通怪物
0
1
1
全民修真，唯爱青云！
0.01
-1
11
13
-1
炼血堂精英
1
false
27200102
造化副本BOSS
60
日常副本boss
0
3
1
全民修真，唯爱青云！
0.01
-1
37
36
-1
刘镐
1
false
27200103
造化副本怪
75
日常副本普通怪物
0
1
1
全民修真，唯爱青云！
0.01
-1
10
12
-1
长生堂弟子
1
false
27200104
造化副本怪
75
日常副本普通怪物
0
1
1
全民修真，唯爱青云！
0.01
-1
11
13
-1
叛教弟子
1
false
27200105
造化副本怪
75
日常副本普通怪物
0
1
1
全民修真，唯爱青云！
0.01
-1
10
12
-1
叛教精英
1
false
27200106
造化副本怪
75
日常副本普通怪物
0
1
1
全民修真，唯爱青云！
0.01
-1
10
12
-1
炼血堂死士
1
false
27200107
造化副本怪
75
日常副本普通怪物
0
1
1
全民修真，唯爱青云！
0.01
-1
11
13
-1
炼血堂精英
1
false
27200108
造化副本BOSS
75
日常副本boss
0
3
1
全民修真，唯爱青云！
0.01
-1
37
36
-1
刘镐
1
false
27200109
造化副本怪
90
日常副本普通怪物
0
1
1
全民修真，唯爱青云！
0.01
-1
10
12
-1
长生堂弟子
1
false
27200110
造化副本怪
90
日常副本普通怪物
0
1
1
全民修真，唯爱青云！
0.01
-1
11
13
-1
叛教弟子
1
false
27200111
造化副本怪
90
日常副本普通怪物
0
1
1
全民修真，唯爱青云！
0.01
-1
10
12
-1
叛教精英
1
false
27200112
造化副本怪
90
日常副本普通怪物
0
1
1
全民修真，唯爱青云！
0.01
-1
10
12
-1
炼血堂死士
1
false
27200113
造化副本怪
90
日常副本普通怪物
0
1
1
全民修真，唯爱青云！
0.01
-1
11
13
-1
炼血堂精英
1
false
27200114
造化副本BOSS
90
日常副本boss
0
3
1
全民修真，唯爱青云！
0.01
-1
37
36
-1
刘镐
1
false
27200115
守玉灵兽
15
日常副本普通怪物
0
1
1
全民修真，唯爱青云！
0.01
-1
24
26
-1
魅狐
1
false
27200116
守玉灵兽
15
日常副本普通怪物
0
1
1
全民修真，唯爱青云！
0.01
-1
24
26
-1
魅狐
1
false
27200117
守玉灵兽
15
日常副本普通怪物
0
1
1
全民修真，唯爱青云！
0.01
-1
24
26
-1
花魅
1
false
27200118
守玉灵兽
15
日常副本普通怪物
0
1
1
全民修真，唯爱青云！
0.01
-1
23
25
-1
牡丹花妖
1
false
27200119
守玉灵兽
15
日常副本普通怪物
0
1
1
全民修真，唯爱青云！
0.01
-1
23
25
-1
牡丹花妖
1
false
27200120
守玉神兽
15
日常副本boss
0
3
1
全民修真，唯爱青云！
0.01
-1
24
26
-1
三尾妖狐
1
false
27200121
守玉灵兽
30
日常副本普通怪物
0
1
1
全民修真，唯爱青云！
0.01
-1
24
26
-1
魅狐
1
false
27200122
守玉灵兽
30
日常副本普通怪物
0
1
1
全民修真，唯爱青云！
0.01
-1
24
26
-1
魅狐
1
false
27200123
守玉灵兽
30
日常副本普通怪物
0
1
1
全民修真，唯爱青云！
0.01
-1
23
25
-1
花魅
1
false
27200124
守玉灵兽
30
日常副本普通怪物
0
1
1
全民修真，唯爱青云！
0.01
-1
23
25
-1
牡丹花妖
1
false
27200125
守玉灵兽
30
日常副本普通怪物
0
1
1
全民修真，唯爱青云！
0.01
-1
24
26
-1
牡丹花妖
1
false
27200126
守玉神兽
30
日常副本boss
0
3
1
全民修真，唯爱青云！
0.01
-1
24
26
-1
三尾妖狐
1
false
27200127
守玉灵兽
45
日常副本普通怪物
0
1
1
全民修真，唯爱青云！
0.01
-1
23
25
-1
魅狐
1
false
27200128
守玉灵兽
45
日常副本普通怪物
0
1
1
全民修真，唯爱青云！
0.01
-1
23
25
-1
魅狐
1
false
27200129
守玉灵兽
45
日常副本普通怪物
0
1
1
全民修真，唯爱青云！
0.01
-1
24
26
-1
花魅
1
false
27200130
守玉灵兽
45
日常副本普通怪物
0
1
1
全民修真，唯爱青云！
0.01
-1
24
26
-1
牡丹花妖
1
false
27200131
守玉灵兽
45
日常副本普通怪物
0
1
1
全民修真，唯爱青云！
0.01
-1
23
25
-1
牡丹花妖
1
false
27200132
守玉神兽
45
日常副本boss
0
3
1
全民修真，唯爱青云！
0.01
-1
23
25
-1
三尾妖狐
1
false
27200133
守玉灵兽
60
日常副本普通怪物
0
1
1
全民修真，唯爱青云！
0.01
-1
24
26
-1
魅狐
1
false
27200134
守玉灵兽
60
日常副本普通怪物
0
1
1
全民修真，唯爱青云！
0.01
-1
23
25
-1
魅狐
1
false
27200135
守玉灵兽
60
日常副本普通怪物
0
1
1
全民修真，唯爱青云！
0.01
-1
23
25
-1
花魅
1
false
27200136
守玉灵兽
60
日常副本普通怪物
0
1
1
全民修真，唯爱青云！
0.01
-1
24
26
-1
牡丹花妖
1
false
27200137
守玉灵兽
60
日常副本普通怪物
0
1
1
全民修真，唯爱青云！
0.01
-1
23
25
-1
牡丹花妖
1
false
27200138
守玉神兽
60
日常副本boss
0
3
1
全民修真，唯爱青云！
0.01
-1
23
25
-1
三尾妖狐
1
false
27200139
守玉灵兽
75
日常副本普通怪物
0
1
1
全民修真，唯爱青云！
0.01
-1
24
26
-1
魅狐
1
false
27200140
守玉灵兽
75
日常副本普通怪物
0
1
1
全民修真，唯爱青云！
0.01
-1
23
25
-1
魅狐
1
false
27200141
守玉灵兽
75
日常副本普通怪物
0
1
1
全民修真，唯爱青云！
0.01
-1
24
26
-1
花魅
1
false
27200142
守玉灵兽
75
日常副本普通怪物
0
1
1
全民修真，唯爱青云！
0.01
-1
23
25
-1
牡丹花妖
1
false
27200143
守玉灵兽
75
日常副本普通怪物
0
1
1
全民修真，唯爱青云！
0.01
-1
23
25
-1
牡丹花妖
1
false
27200144
守玉神兽
75
日常副本boss
0
3
1
全民修真，唯爱青云！
0.01
-1
24
26
-1
三尾妖狐
1
false
27200145
守玉灵兽
90
日常副本普通怪物
0
1
1
全民修真，唯爱青云！
0.01
-1
23
25
-1
魅狐
1
false
27200146
守玉灵兽
90
日常副本普通怪物
0
1
1
全民修真，唯爱青云！
0.01
-1
24
26
-1
魅狐
1
false
27200147
守玉灵兽
90
日常副本普通怪物
0
1
1
全民修真，唯爱青云！
0.01
-1
23
25
-1
花魅
1
false
27200148
守玉灵兽
90
日常副本普通怪物
0
1
1
全民修真，唯爱青云！
0.01
-1
23
25
-1
牡丹花妖
1
false
27200149
守玉灵兽
90
日常副本普通怪物
0
1
1
全民修真，唯爱青云！
0.01
-1
23
25
-1
牡丹花妖
1
false
27200150
守玉神兽
90
日常副本boss
0
3
1
全民修真，唯爱青云！
0.01
-1
58
57
-1
三尾妖狐
1
false
27200151
护符弟子
15
日常副本普通怪物
0
1
1
全民修真，唯爱青云！
0.01
-1
10
12
-1
长生堂弟子
1
false
27200152
护符弟子
15
日常副本普通怪物
0
1
1
全民修真，唯爱青云！
0.01
-1
11
13
-1
叛教弟子
1
false
27200153
护符弟子
15
日常副本普通怪物
0
1
1
全民修真，唯爱青云！
0.01
-1
10
12
-1
叛教精英
1
false
27200154
护符弟子
15
日常副本普通怪物
0
1
1
全民修真，唯爱青云！
0.01
-1
10
12
-1
炼血堂死士
1
false
27200155
护符弟子
15
日常副本普通怪物
0
1
1
全民修真，唯爱青云！
0.01
-1
11
13
-1
炼血堂精英
1
false
27200156
护符统领
15
日常副本boss
0
3
1
全民修真，唯爱青云！
0.01
-1
37
36
-1
刘镐
1
false
27200157
护符弟子
30
日常副本普通怪物
0
1
1
全民修真，唯爱青云！
0.01
-1
10
12
-1
长生堂弟子
1
false
27200158
护符弟子
30
日常副本普通怪物
0
1
1
全民修真，唯爱青云！
0.01
-1
11
13
-1
叛教弟子
1
false
27200159
护符弟子
30
日常副本普通怪物
0
1
1
全民修真，唯爱青云！
0.01
-1
10
12
-1
叛教精英
1
false
27200160
护符弟子
30
日常副本普通怪物
0
1
1
全民修真，唯爱青云！
0.01
-1
10
12
-1
炼血堂死士
1
false
27200161
护符弟子
30
日常副本普通怪物
0
1
1
全民修真，唯爱青云！
0.01
-1
11
13
-1
炼血堂精英
1
false
27200162
护符统领
30
日常副本boss
0
3
1
全民修真，唯爱青云！
0.01
-1
37
36
-1
刘镐
1
false
27200163
护符弟子
45
日常副本普通怪物
0
1
1
全民修真，唯爱青云！
0.01
-1
10
12
-1
长生堂弟子
1
false
27200164
护符弟子
45
日常副本普通怪物
0
1
1
全民修真，唯爱青云！
0.01
-1
11
13
-1
叛教弟子
1
false
27200165
护符弟子
45
日常副本普通怪物
0
1
1
全民修真，唯爱青云！
0.01
-1
10
12
-1
叛教精英
1
false
27200166
护符弟子
45
日常副本普通怪物
0
1
1
全民修真，唯爱青云！
0.01
-1
10
12
-1
炼血堂死士
1
false
27200167
护符弟子
45
日常副本普通怪物
0
1
1
全民修真，唯爱青云！
0.01
-1
11
13
-1
炼血堂精英
1
false
27200168
护符统领
45
日常副本boss
0
3
1
全民修真，唯爱青云！
0.01
-1
37
36
-1
刘镐
1
false
27200169
护符弟子
60
日常副本普通怪物
0
1
1
全民修真，唯爱青云！
0.01
-1
10
12
-1
长生堂弟子
1
false
27200170
护符弟子
60
日常副本普通怪物
0
1
1
全民修真，唯爱青云！
0.01
-1
11
13
-1
叛教弟子
1
false
27200171
护符弟子
60
日常副本普通怪物
0
1
1
全民修真，唯爱青云！
0.01
-1
10
12
-1
叛教精英
1
false
27200172
护符弟子
60
日常副本普通怪物
0
1
1
全民修真，唯爱青云！
0.01
-1
10
12
-1
炼血堂死士
1
false
27200173
护符弟子
60
日常副本普通怪物
0
1
1
全民修真，唯爱青云！
0.01
-1
11
13
-1
炼血堂精英
1
false
27200174
护符统领
60
日常副本boss
0
3
1
全民修真，唯爱青云！
0.01
-1
37
36
-1
刘镐
1
false
27200175
护符弟子
75
日常副本普通怪物
0
1
1
全民修真，唯爱青云！
0.01
-1
10
12
-1
长生堂弟子
1
false
27200176
护符弟子
75
日常副本普通怪物
0
1
1
全民修真，唯爱青云！
0.01
-1
11
13
-1
叛教弟子
1
false
27200177
护符弟子
75
日常副本普通怪物
0
1
1
全民修真，唯爱青云！
0.01
-1
10
12
-1
叛教精英
1
false
27200178
护符弟子
75
日常副本普通怪物
0
1
1
全民修真，唯爱青云！
0.01
-1
10
12
-1
炼血堂死士
1
false
27200179
护符弟子
75
日常副本普通怪物
0
1
1
全民修真，唯爱青云！
0.01
-1
11
13
-1
炼血堂精英
1
false
27200180
护符统领
75
日常副本boss
0
3
1
全民修真，唯爱青云！
0.01
-1
37
36
-1
刘镐
1
false
27200181
护符弟子
90
日常副本普通怪物
0
1
1
全民修真，唯爱青云！
0.01
-1
10
12
-1
长生堂弟子
1
false
27200182
护符弟子
90
日常副本普通怪物
0
1
1
全民修真，唯爱青云！
0.01
-1
11
13
-1
叛教弟子
1
false
27200183
护符弟子
90
日常副本普通怪物
0
1
1
全民修真，唯爱青云！
0.01
-1
10
12
-1
叛教精英
1
false
27200184
护符弟子
90
日常副本普通怪物
0
1
1
全民修真，唯爱青云！
0.01
-1
10
12
-1
炼血堂死士
1
false
27200185
护符弟子
90
日常副本普通怪物
0
1
1
全民修真，唯爱青云！
0.01
-1
11
13
-1
炼血堂精英
1
false
27200186
护符统领
90
日常副本boss
0
3
1
全民修真，唯爱青云！
0.01
-1
37
36
-1
刘镐
1
false
27200187
伙伴副本怪
15
日常副本普通怪物
0
1
1
全民修真，唯爱青云！
0.01
-1
10
12
-1
长生堂弟子
1
false
27200188
伙伴副本怪
15
日常副本普通怪物
0
1
1
全民修真，唯爱青云！
0.01
-1
11
13
-1
叛教弟子
1
false
27200189
伙伴副本怪
15
日常副本普通怪物
0
1
1
全民修真，唯爱青云！
0.01
-1
10
12
-1
叛教精英
1
false
27200190
伙伴副本怪
15
日常副本普通怪物
0
1
1
全民修真，唯爱青云！
0.01
-1
10
12
-1
炼血堂死士
1
false
27200191
伙伴副本怪
15
日常副本普通怪物
0
1
1
全民修真，唯爱青云！
0.01
-1
11
13
-1
炼血堂精英
1
false
27200192
伙伴副本BOSS
15
日常副本boss
0
3
1
全民修真，唯爱青云！
0.01
-1
37
36
-1
刘镐
1
false
27200193
伙伴副本怪
30
日常副本普通怪物
0
1
1
全民修真，唯爱青云！
0.01
-1
10
12
-1
长生堂弟子
1
false
27200194
伙伴副本怪
30
日常副本普通怪物
0
1
1
全民修真，唯爱青云！
0.01
-1
11
13
-1
叛教弟子
1
false
27200195
伙伴副本怪
30
日常副本普通怪物
0
1
1
全民修真，唯爱青云！
0.01
-1
10
12
-1
叛教精英
1
false
27200196
伙伴副本怪
30
日常副本普通怪物
0
1
1
全民修真，唯爱青云！
0.01
-1
10
12
-1
炼血堂死士
1
false
27200197
伙伴副本怪
30
日常副本普通怪物
0
1
1
全民修真，唯爱青云！
0.01
-1
11
13
-1
炼血堂精英
1
false
27200198
伙伴副本BOSS
30
日常副本boss
0
3
1
全民修真，唯爱青云！
0.01
-1
37
36
-1
刘镐
1
false
27200199
伙伴副本怪
45
日常副本普通怪物
0
1
1
全民修真，唯爱青云！
0.01
-1
10
12
-1
长生堂弟子
1
false
27200200
伙伴副本怪
45
日常副本普通怪物
0
1
1
全民修真，唯爱青云！
0.01
-1
11
13
-1
叛教弟子
1
false
27200201
伙伴副本怪
45
日常副本普通怪物
0
1
1
全民修真，唯爱青云！
0.01
-1
10
12
-1
叛教精英
1
false
27200202
伙伴副本怪
45
日常副本普通怪物
0
1
1
全民修真，唯爱青云！
0.01
-1
10
12
-1
炼血堂死士
1
false
27200203
伙伴副本怪
45
日常副本普通怪物
0
1
1
全民修真，唯爱青云！
0.01
-1
11
13
-1
炼血堂精英
1
false
27200204
伙伴副本BOSS
45
日常副本boss
0
3
1
全民修真，唯爱青云！
0.01
-1
37
36
-1
刘镐
1
false
27200205
伙伴副本怪
60
日常副本普通怪物
0
1
1
全民修真，唯爱青云！
0.01
-1
10
12
-1
长生堂弟子
1
false
27200206
伙伴副本怪
60
日常副本普通怪物
0
1
1
全民修真，唯爱青云！
0.01
-1
11
13
-1
叛教弟子
1
false
27200207
伙伴副本怪
60
日常副本普通怪物
0
1
1
全民修真，唯爱青云！
0.01
-1
10
12
-1
叛教精英
1
false
27200208
伙伴副本怪
60
日常副本普通怪物
0
1
1
全民修真，唯爱青云！
0.01
-1
10
12
-1
炼血堂死士
1
false
27200209
伙伴副本怪
60
日常副本普通怪物
0
1
1
全民修真，唯爱青云！
0.01
-1
11
13
-1
炼血堂精英
1
false
27200210
伙伴副本BOSS
60
日常副本boss
0
3
1
全民修真，唯爱青云！
0.01
-1
37
36
-1
刘镐
1
false
27200211
伙伴副本怪
75
日常副本普通怪物
0
1
1
全民修真，唯爱青云！
0.01
-1
10
12
-1
长生堂弟子
1
false
27200212
伙伴副本怪
75
日常副本普通怪物
0
1
1
全民修真，唯爱青云！
0.01
-1
11
13
-1
叛教弟子
1
false
27200213
伙伴副本怪
75
日常副本普通怪物
0
1
1
全民修真，唯爱青云！
0.01
-1
10
12
-1
叛教精英
1
false
27200214
伙伴副本怪
75
日常副本普通怪物
0
1
1
全民修真，唯爱青云！
0.01
-1
10
12
-1
炼血堂死士
1
false
27200215
伙伴副本怪
75
日常副本普通怪物
0
1
1
全民修真，唯爱青云！
0.01
-1
11
13
-1
炼血堂精英
1
false
27200216
伙伴副本BOSS
75
日常副本boss
0
3
1
全民修真，唯爱青云！
0.01
-1
37
36
-1
刘镐
1
false
27200217
伙伴副本怪
90
日常副本普通怪物
0
1
1
全民修真，唯爱青云！
0.01
-1
10
12
-1
长生堂弟子
1
false
27200218
伙伴副本怪
90
日常副本普通怪物
0
1
1
全民修真，唯爱青云！
0.01
-1
11
13
-1
叛教弟子
1
false
27200219
伙伴副本怪
90
日常副本普通怪物
0
1
1
全民修真，唯爱青云！
0.01
-1
10
12
-1
叛教精英
1
false
27200220
伙伴副本怪
90
日常副本普通怪物
0
1
1
全民修真，唯爱青云！
0.01
-1
10
12
-1
炼血堂死士
1
false
27200221
伙伴副本怪
90
日常副本普通怪物
0
1
1
全民修真，唯爱青云！
0.01
-1
11
13
-1
炼血堂精英
1
false
27200222
伙伴副本BOSS
90
日常副本boss
0
3
1
全民修真，唯爱青云！
0.01
-1
37
36
-1
刘镐
1
false
27200223
法宝副本怪
15
日常副本普通怪物
0
1
1
全民修真，唯爱青云！
0.01
-1
10
12
-1
长生堂弟子
1
false
27200224
法宝副本怪
15
日常副本普通怪物
0
1
1
全民修真，唯爱青云！
0.01
-1
11
13
-1
叛教弟子
1
false
27200225
法宝副本怪
15
日常副本普通怪物
0
1
1
全民修真，唯爱青云！
0.01
-1
10
12
-1
叛教精英
1
false
27200226
法宝副本怪
15
日常副本普通怪物
0
1
1
全民修真，唯爱青云！
0.01
-1
10
12
-1
炼血堂死士
1
false
27200227
法宝副本怪
15
日常副本普通怪物
0
1
1
全民修真，唯爱青云！
0.01
-1
11
13
-1
炼血堂精英
1
false
27200228
法宝副本BOSS
15
日常副本boss
0
3
1
全民修真，唯爱青云！
0.01
-1
37
36
-1
刘镐
1
false
27200229
法宝副本怪
30
日常副本普通怪物
0
1
1
全民修真，唯爱青云！
0.01
-1
10
12
-1
长生堂弟子
1
false
27200230
法宝副本怪
30
日常副本普通怪物
0
1
1
全民修真，唯爱青云！
0.01
-1
11
13
-1
叛教弟子
1
false
27200231
法宝副本怪
30
日常副本普通怪物
0
1
1
全民修真，唯爱青云！
0.01
-1
10
12
-1
叛教精英
1
false
27200232
法宝副本怪
30
日常副本普通怪物
0
1
1
全民修真，唯爱青云！
0.01
-1
10
12
-1
炼血堂死士
1
false
27200233
法宝副本怪
30
日常副本普通怪物
0
1
1
全民修真，唯爱青云！
0.01
-1
11
13
-1
炼血堂精英
1
false
27200234
法宝副本BOSS
30
日常副本boss
0
3
1
全民修真，唯爱青云！
0.01
-1
37
36
-1
刘镐
1
false
27200235
法宝副本怪
45
日常副本普通怪物
0
1
1
全民修真，唯爱青云！
0.01
-1
10
12
-1
长生堂弟子
1
false
27200236
法宝副本怪
45
日常副本普通怪物
0
1
1
全民修真，唯爱青云！
0.01
-1
11
13
-1
叛教弟子
1
false
27200237
法宝副本怪
45
日常副本普通怪物
0
1
1
全民修真，唯爱青云！
0.01
-1
10
12
-1
叛教精英
1
false
27200238
法宝副本怪
45
日常副本普通怪物
0
1
1
全民修真，唯爱青云！
0.01
-1
10
12
-1
炼血堂死士
1
false
27200239
法宝副本怪
45
日常副本普通怪物
0
1
1
全民修真，唯爱青云！
0.01
-1
11
13
-1
炼血堂精英
1
false
27200240
法宝副本BOSS
45
日常副本boss
0
3
1
全民修真，唯爱青云！
0.01
-1
37
36
-1
刘镐
1
false
27200241
法宝副本怪
60
日常副本普通怪物
0
1
1
全民修真，唯爱青云！
0.01
-1
10
12
-1
长生堂弟子
1
false
27200242
法宝副本怪
60
日常副本普通怪物
0
1
1
全民修真，唯爱青云！
0.01
-1
11
13
-1
叛教弟子
1
false
27200243
法宝副本怪
60
日常副本普通怪物
0
1
1
全民修真，唯爱青云！
0.01
-1
10
12
-1
叛教精英
1
false
27200244
法宝副本怪
60
日常副本普通怪物
0
1
1
全民修真，唯爱青云！
0.01
-1
10
12
-1
炼血堂死士
1
false
27200245
法宝副本怪
60
日常副本普通怪物
0
1
1
全民修真，唯爱青云！
0.01
-1
11
13
-1
炼血堂精英
1
false
27200246
法宝副本BOSS
60
日常副本boss
0
3
1
全民修真，唯爱青云！
0.01
-1
37
36
-1
刘镐
1
false
27200247
法宝副本怪
75
日常副本普通怪物
0
1
1
全民修真，唯爱青云！
0.01
-1
10
12
-1
长生堂弟子
1
false
27200248
法宝副本怪
75
日常副本普通怪物
0
1
1
全民修真，唯爱青云！
0.01
-1
11
13
-1
叛教弟子
1
false
27200249
法宝副本怪
75
日常副本普通怪物
0
1
1
全民修真，唯爱青云！
0.01
-1
10
12
-1
叛教精英
1
false
27200250
法宝副本怪
75
日常副本普通怪物
0
1
1
全民修真，唯爱青云！
0.01
-1
10
12
-1
炼血堂死士
1
false
27200251
法宝副本怪
75
日常副本普通怪物
0
1
1
全民修真，唯爱青云！
0.01
-1
11
13
-1
炼血堂精英
1
false
27200252
法宝副本BOSS
75
日常副本boss
0
3
1
全民修真，唯爱青云！
0.01
-1
37
36
-1
刘镐
1
false
27200253
法宝副本怪
90
日常副本普通怪物
0
1
1
全民修真，唯爱青云！
0.01
-1
10
12
-1
长生堂弟子
1
false
27200254
法宝副本怪
90
日常副本普通怪物
0
1
1
全民修真，唯爱青云！
0.01
-1
11
13
-1
叛教弟子
1
false
27200255
法宝副本怪
90
日常副本普通怪物
0
1
1
全民修真，唯爱青云！
0.01
-1
10
12
-1
叛教精英
1
false
27200256
法宝副本怪
90
日常副本普通怪物
0
1
1
全民修真，唯爱青云！
0.01
-1
10
12
-1
炼血堂死士
1
false
27200257
法宝副本怪
90
日常副本普通怪物
0
1
1
全民修真，唯爱青云！
0.01
-1
11
13
-1
炼血堂精英
1
false
27200258
法宝副本BOSS
90
日常副本boss
0
3
1
全民修真，唯爱青云！
0.01
-1
37
36
-1
刘镐
1
false
27200259
兽妖先锋
30
兽妖攻城普通怪物
0
1
1
全民修真，唯爱青云！
0.01
-1
24
26
-1
魅狐
1
false
27200260
兽妖先锋
30
兽妖攻城普通怪物
0
1
1
全民修真，唯爱青云！
0.01
-1
-1
61
-1
戾鹤
1
false
27200261
兽妖精英
30
兽妖攻城精英怪物
0
1
1
全民修真，唯爱青云！
0.01
-1
-1
18
-1
戾蛇
1
false
27200262
兽妖精英
30
兽妖攻城精英怪物
0
1
1
全民修真，唯爱青云！
0.01
-1
23
25
-1
猫女
1
false
27200263
兽妖将军
30
兽妖攻城精英怪物2
0
1
1
全民修真，唯爱青云！
0.01
-1
-1
56
-1
树妖
1
false
27200264
兽妖将军
30
兽妖攻城精英怪物2
0
1
1
全民修真，唯爱青云！
0.01
-1
-1
-1
-1
虎人兽妖
1
false
27200265
攻城BOSS
30
兽妖攻城大boss
0
3
1
全民修真，唯爱青云！
0.01
-1
47
46
-1
尸王
1
false
27200266
攻城BOSS
30
兽妖攻城小boss
0
3
1
全民修真，唯爱青云！
0.01
-1
-1
61
-1
夔牛
1
false
27200267
攻城BOSS
30
兽妖攻城小boss
0
3
1
全民修真，唯爱青云！
0.01
-1
-1
61
-1
血鲲
1
false
27200268
攻城BOSS
30
兽妖攻城小boss
0
3
1
全民修真，唯爱青云！
0.01
-1
30
29
-1
熔岩犬大
1
false
27200269
攻城BOSS
30
兽妖攻城大boss
0
3
1
全民修真，唯爱青云！
0.01
-1
49
48
-1
兽神
1
false
27200270
攻城BOSS
30
兽妖攻城大boss
0
3
1
全民修真，唯爱青云！
0.01
-1
-1
33
-1
黄鸟
1
false
27200271
兽妖先锋
45
兽妖攻城普通怪物
0
1
1
全民修真，唯爱青云！
0.01
-1
24
26
-1
魅狐
1
false
27200272
兽妖先锋
45
兽妖攻城普通怪物
0
1
1
全民修真，唯爱青云！
0.01
-1
-1
61
-1
戾鹤
1
false
27200273
兽妖精英
45
兽妖攻城精英怪物
0
1
1
全民修真，唯爱青云！
0.01
-1
-1
18
-1
戾蛇
1
false
27200274
兽妖精英
45
兽妖攻城精英怪物
0
1
1
全民修真，唯爱青云！
0.01
-1
23
25
-1
猫女
1
false
27200275
兽妖将军
45
兽妖攻城精英怪物2
0
1
1
全民修真，唯爱青云！
0.01
-1
-1
56
-1
树妖
1
false
27200276
兽妖将军
45
兽妖攻城精英怪物2
0
1
1
全民修真，唯爱青云！
0.01
-1
-1
-1
-1
虎人兽妖
1
false
27200277
攻城BOSS
45
兽妖攻城小boss
0
3
1
全民修真，唯爱青云！
0.01
-1
47
46
-1
尸王
1
false
27200278
攻城BOSS
45
兽妖攻城小boss
0
3
1
全民修真，唯爱青云！
0.01
-1
-1
61
-1
夔牛
1
false
27200279
攻城BOSS
45
兽妖攻城小boss
0
3
1
全民修真，唯爱青云！
0.01
-1
-1
61
-1
血鲲
1
false
27200280
攻城BOSS
45
兽妖攻城小boss
0
3
1
全民修真，唯爱青云！
0.01
-1
30
29
-1
熔岩犬大
1
false
27200281
攻城BOSS
45
兽妖攻城大boss
0
3
1
全民修真，唯爱青云！
0.01
-1
49
48
-1
兽神
1
false
27200282
攻城BOSS
45
兽妖攻城大boss
0
3
1
全民修真，唯爱青云！
0.01
-1
-1
33
-1
黄鸟
1
false
27200283
兽妖先锋
60
兽妖攻城普通怪物
0
1
1
全民修真，唯爱青云！
0.01
-1
24
26
-1
魅狐
1
false
27200284
兽妖先锋
60
兽妖攻城普通怪物
0
1
1
全民修真，唯爱青云！
0.01
-1
-1
61
-1
戾鹤
1
false
27200285
兽妖精英
60
兽妖攻城精英怪物
0
1
1
全民修真，唯爱青云！
0.01
-1
-1
18
-1
戾蛇
1
false
27200286
兽妖精英
60
兽妖攻城精英怪物
0
1
1
全民修真，唯爱青云！
0.01
-1
23
25
-1
猫女
1
false
27200287
兽妖将军
60
兽妖攻城精英怪物2
0
1
1
全民修真，唯爱青云！
0.01
-1
-1
56
-1
树妖
1
false
27200288
兽妖将军
60
兽妖攻城精英怪物2
0
1
1
全民修真，唯爱青云！
0.01
-1
-1
-1
-1
虎人兽妖
1
false
27200289
攻城BOSS
60
兽妖攻城小boss
0
3
1
全民修真，唯爱青云！
0.01
-1
47
46
-1
尸王
1
false
27200290
攻城BOSS
60
兽妖攻城小boss
0
3
1
全民修真，唯爱青云！
0.01
-1
-1
61
-1
夔牛
1
false
27200291
攻城BOSS
60
兽妖攻城小boss
0
3
1
全民修真，唯爱青云！
0.01
-1
-1
61
-1
血鲲
1
false
27200292
攻城BOSS
60
兽妖攻城小boss
0
3
1
全民修真，唯爱青云！
0.01
-1
30
29
-1
熔岩犬大
1
false
27200293
攻城BOSS
60
兽妖攻城大boss
0
3
1
全民修真，唯爱青云！
0.01
-1
49
48
-1
兽神
1
false
27200294
攻城BOSS
60
兽妖攻城大boss
0
3
1
全民修真，唯爱青云！
0.01
-1
-1
33
-1
黄鸟
1
false
27200295
兽妖先锋
75
兽妖攻城普通怪物
0
1
1
全民修真，唯爱青云！
0.01
-1
24
26
-1
魅狐
1
false
27200296
兽妖先锋
75
兽妖攻城普通怪物
0
1
1
全民修真，唯爱青云！
0.01
-1
-1
61
-1
戾鹤
1
false
27200297
兽妖精英
75
兽妖攻城精英怪物
0
1
1
全民修真，唯爱青云！
0.01
-1
-1
18
-1
戾蛇
1
false
27200298
兽妖精英
75
兽妖攻城精英怪物
0
1
1
全民修真，唯爱青云！
0.01
-1
23
25
-1
猫女
1
false
27200299
兽妖将军
75
兽妖攻城精英怪物2
0
1
1
全民修真，唯爱青云！
0.01
-1
-1
56
-1
树妖
1
false
27200300
兽妖将军
75
兽妖攻城精英怪物2
0
1
1
全民修真，唯爱青云！
0.01
-1
-1
-1
-1
虎人兽妖
1
false
27200301
攻城BOSS
75
兽妖攻城小boss
0
3
1
全民修真，唯爱青云！
0.01
-1
47
46
-1
尸王
1
false
27200302
攻城BOSS
75
兽妖攻城小boss
0
3
1
全民修真，唯爱青云！
0.01
-1
-1
61
-1
夔牛
1
false
27200303
攻城BOSS
75
兽妖攻城小boss
0
3
1
全民修真，唯爱青云！
0.01
-1
-1
61
-1
血鲲
1
false
27200304
攻城BOSS
75
兽妖攻城小boss
0
3
1
全民修真，唯爱青云！
0.01
-1
30
29
-1
熔岩犬大
1
false
27200305
攻城BOSS
75
兽妖攻城大boss
0
3
1
全民修真，唯爱青云！
0.01
-1
49
48
-1
兽神
1
false
27200306
攻城BOSS
75
兽妖攻城大boss
0
3
1
全民修真，唯爱青云！
0.01
-1
-1
33
-1
黄鸟
1
false
27200307
兽妖先锋
90
兽妖攻城普通怪物
0
1
1
全民修真，唯爱青云！
0.01
-1
24
26
-1
魅狐
1
false
27200308
兽妖先锋
90
兽妖攻城普通怪物
0
1
1
全民修真，唯爱青云！
0.01
-1
-1
61
-1
戾鹤
1
false
27200309
兽妖精英
90
兽妖攻城精英怪物
0
1
1
全民修真，唯爱青云！
0.01
-1
-1
18
-1
戾蛇
1
false
27200310
兽妖精英
90
兽妖攻城精英怪物
0
1
1
全民修真，唯爱青云！
0.01
-1
23
25
-1
猫女
1
false
27200311
兽妖将军
90
兽妖攻城精英怪物2
0
1
1
全民修真，唯爱青云！
0.01
-1
-1
56
-1
树妖
1
false
27200312
兽妖将军
90
兽妖攻城精英怪物2
0
1
1
全民修真，唯爱青云！
0.01
-1
-1
-1
-1
虎人兽妖
1
false
27200313
攻城BOSS
90
兽妖攻城小boss
0
1
1
全民修真，唯爱青云！
0.01
-1
47
46
-1
尸王
1
false
27200314
攻城BOSS
90
兽妖攻城小boss
0
1
1
全民修真，唯爱青云！
0.01
-1
-1
61
-1
夔牛
1
false
27200315
攻城BOSS
90
兽妖攻城小boss
0
1
1
全民修真，唯爱青云！
0.01
-1
-1
61
-1
血鲲
1
false
27200316
攻城BOSS
90
兽妖攻城小boss
0
1
1
全民修真，唯爱青云！
0.01
-1
30
29
-1
熔岩犬大
1
false
27200317
攻城BOSS
90
兽妖攻城大boss
0
1
1
全民修真，唯爱青云！
0.01
-1
49
48
-1
兽神
1
false
27200318
攻城BOSS
90
兽妖攻城大boss
0
1
1
全民修真，唯爱青云！
0.01
-1
-1
33
-1
黄鸟
1
false
27201001
嗜血魔头(15级)
15
个人boss
0
3
1
全民修真，唯爱青云！
0.01
-1
41
40
-1
魔化普智
1
false
27201002
野狗道人(15级)
20
个人boss
0
3
1
全民修真，唯爱青云！
0.01
-1
43
42
-1
野狗
1
false
27201003
神秘人(30级)
35
个人boss
0
3
1
全民修真，唯爱青云！
0.01
-1
53
52
-1
黑衣苍松
1
false
27201004
百毒子(30级)
35
个人boss
0
3
1
全民修真，唯爱青云！
0.01
-1
28
27
-1
百毒子
1
false
27201005
吸血老祖(45级)
50
个人boss
0
3
1
全民修真，唯爱青云！
0.01
-1
39
38
-1
吸血老祖
1
false
27201006
尸王(45级)
50
个人boss
0
3
1
全民修真，唯爱青云！
0.01
-1
47
46
-1
尸王
1
false
27201007
兽神(60级)
65
个人boss
0
3
1
全民修真，唯爱青云！
0.01
-1
49
48
-1
兽神
1
false
27201008
六尾魔狐(60级)
65
个人boss
0
3
1
全民修真，唯爱青云！
0.01
-1
23
25
-1
六尾魔狐
1
false
27201009
鬼先生(75级)
80
个人boss
0
3
1
全民修真，唯爱青云！
0.01
-1
28
27
-1
鬼先生怪
1
false
27201010
李洵(75级)
80
个人boss
0
3
1
全民修真，唯爱青云！
0.01
-1
37
36
-1
李洵怪
1
false
27201011
燕虹(90级)
90
个人boss
0
3
1
全民修真，唯爱青云！
0.01
-1
24
26
-1
燕虹怪
1
false
27202001
血鲲（15级）
29
前期boss3个人打10分钟
0
3
1
全民修真，唯爱青云！
0.01
-1
-1
61
-1
血鲲
1
false
27202002
吸血老祖（30级）
44
45级boss3个人打15分钟
0
3
1
全民修真，唯爱青云！
0.01
-1
39
38
-1
吸血老祖
1
false
27202003
毒神（30级）
44
45级boss3个人打15分钟
0
3
1
全民修真，唯爱青云！
0.01
-1
-1
-1
-1
毒神怪
1
false
27202004
蝠王（30级）
44
45级boss3个人打15分钟
0
3
1
全民修真，唯爱青云！
0.01
-1
30
29
-1
蝠王
1
false
27202005
兽神（45级）
59
60级打20分钟
0
3
1
全民修真，唯爱青云！
0.01
-1
49
48
-1
兽神
1
false
27202006
鬼先生（45级）
59
60级打20分钟
0
3
1
全民修真，唯爱青云！
0.01
-1
28
27
-1
鬼先生怪
1
false
27202007
黑水玄蛇（45级）
59
60级打20分钟
0
3
1
全民修真，唯爱青云！
0.01
-1
32
31
-1
黑水玄蛇
1
false
27202008
青龙（60级）
74
75打20分钟
0
3
1
全民修真，唯爱青云！
0.01
-1
-1
61
-1
青龙怪
1
false
27202009
鬼先生（60级）
74
75打20分钟
0
3
1
全民修真，唯爱青云！
0.01
-1
28
27
-1
鬼先生怪
1
false
27202010
秦无炎（60级）
74
75打20分钟
0
3
1
全民修真，唯爱青云！
0.01
-1
38
37
-1
秦无炎
1
false
27202011
三尾妖狐（75级）
89
90级打20分钟
0
3
1
全民修真，唯爱青云！
0.01
-1
24
26
-1
三尾妖狐
1
false
27202012
大黑蛭（75级）
89
90级打20分钟
0
3
1
全民修真，唯爱青云！
0.01
-1
-1
61
-1
大黑蛭
1
false
27202013
夔牛（75级）
89
90级打20分钟
0
3
1
全民修真，唯爱青云！
0.01
-1
-1
61
-1
夔牛
1
false
27202014
玉阳子（75级）
89
90级打20分钟
0
3
1
全民修真，唯爱青云！
0.01
-1
51
50
-1
玉阳子
1
false
27203001
黄鸟
30
鸿蒙争霸boss
0
3
1
全民修真，唯爱青云！
0.01
-1
-1
33
-1
黄鸟
1
false
27203002
黄鸟
45
鸿蒙争霸boss
0
3
1
全民修真，唯爱青云！
0.01
-1
-1
33
-1
黄鸟
1
false
27203003
黄鸟
60
鸿蒙争霸boss
0
3
1
全民修真，唯爱青云！
0.01
-1
-1
33
-1
黄鸟
1
false
27203004
黄鸟
75
鸿蒙争霸boss
0
3
1
全民修真，唯爱青云！
0.01
-1
-1
33
-1
黄鸟
1
false
27203005
黄鸟
90
鸿蒙争霸boss
0
3
1
全民修真，唯爱青云！
0.01
-1
-1
33
-1
黄鸟
1
false
27203006
鸿蒙小将
30
鸿蒙争霸普通怪物
0
1
1
全民修真，唯爱青云！
0.01
-1
11
13
-1
炼血堂弟子
1
false
27203007
鸿蒙小将
45
鸿蒙争霸普通怪物
0
1
1
全民修真，唯爱青云！
0.01
-1
10
12
-1
炼血堂弟子
1
false
27203008
鸿蒙小将
60
鸿蒙争霸普通怪物
0
1
1
全民修真，唯爱青云！
0.01
-1
10
12
-1
炼血堂弟子
1
false
27203009
鸿蒙小将
75
鸿蒙争霸普通怪物
0
1
1
全民修真，唯爱青云！
0.01
-1
11
13
-1
炼血堂弟子
1
false
27203010
鸿蒙小将
90
鸿蒙争霸普通怪物
0
1
1
全民修真，唯爱青云！
0.01
-1
11
13
-1
炼血堂弟子
1
false
27203012
鸿蒙中将
30
鸿蒙争霸精英怪物
0
2
1
全民修真，唯爱青云！
0.01
-1
10
12
-1
炼血堂精英
1
false
27203013
鸿蒙中将
45
鸿蒙争霸精英怪物
0
2
1
全民修真，唯爱青云！
0.01
-1
10
12
-1
炼血堂精英
1
false
27203014
鸿蒙中将
60
鸿蒙争霸精英怪物
0
2
1
全民修真，唯爱青云！
0.01
-1
11
13
-1
炼血堂精英
1
false
27203015
鸿蒙中将
75
鸿蒙争霸精英怪物
0
2
1
全民修真，唯爱青云！
0.01
-1
11
13
-1
炼血堂精英
1
false
27203016
鸿蒙中将
90
鸿蒙争霸精英怪物
0
2
1
全民修真，唯爱青云！
0.01
-1
10
12
-1
炼血堂精英
1
false
27203017
鸿蒙大将
30
鸿蒙争霸精英怪物
0
2
1
全民修真，唯爱青云！
0.01
-1
43
42
-1
剑痴
1
false
27203018
鸿蒙大将
45
鸿蒙争霸精英怪物
0
2
1
全民修真，唯爱青云！
0.01
-1
43
42
-1
剑痴
1
false
27203019
鸿蒙大将
60
鸿蒙争霸精英怪物
0
2
1
全民修真，唯爱青云！
0.01
-1
43
42
-1
剑痴
1
false
27203020
鸿蒙大将
75
鸿蒙争霸精英怪物
0
2
1
全民修真，唯爱青云！
0.01
-1
43
42
-1
剑痴
1
false
27203021
鸿蒙大将
90
鸿蒙争霸精英怪物
0
2
1
全民修真，唯爱青云！
0.01
-1
43
42
-1
剑痴
1
false
27203046
陆雪琪
20
个人boss
0
3
1
全民修真，唯爱青云！
0.01
-1
-1
-1
-1
陆雪琪怪
1
false
27203047
苏茹
20
个人boss
0
3
1
全民修真，唯爱青云！
0.01
-1
-1
-1
-1
苏茹怪
1
false
27203048
田灵儿
20
个人boss
0
3
1
全民修真，唯爱青云！
0.01
-1
-1
-1
-1
田灵儿怪
1
false
27203049
普智
20
个人boss
0
3
1
全民修真，唯爱青云！
0.01
-1
-1
-1
-1
普智怪
1
false
27203050
田不易
20
个人boss
0
3
1
全民修真，唯爱青云！
0.01
-1
-1
-1
-1
田不易怪
1
false
27203051
宋大仁
15
个人boss
0
3
1
全民修真，唯爱青云！
0.01
-1
-1
-1
-1
宋大仁怪
1
false
27203052
文敏
15
个人boss
0
3
1
全民修真，唯爱青云！
0.01
-1
-1
-1
-1
文敏怪
1
false
27203053
大黄
15
个人boss
0
3
1
全民修真，唯爱青云！
0.01
-1
4
5
-1
大黄怪
1
false
27203054
三尾
15
个人boss
0
3
1
全民修真，唯爱青云！
0.01
-1
23
25
-1
三尾妖狐
1
false
27203055
年老大
15
个人boss
0
3
1
全民修真，唯爱青云！
0.01
-1
28
27
-1
年老大
1
false
27203056
野狗道人
15
个人boss
0
3
1
全民修真，唯爱青云！
0.01
-1
28
27
-1
野狗
1
false
27203057
张小凡
40
个人boss
0
3
1
全民修真，唯爱青云！
0.01
-1
-1
-1
-1
张小凡怪
1
false
27203058
周一仙
35
个人boss
0
3
1
全民修真，唯爱青云！
0.01
-1
-1
-1
-1
周一仙怪
1
false
27203059
小环
35
个人boss
0
3
1
全民修真，唯爱青云！
0.01
-1
-1
-1
-1
小环怪
1
false
27203060
六尾魔狐
30
个人boss
0
3
1
全民修真，唯爱青云！
0.01
-1
-1
-1
-1
六尾魔狐
1
false
27203061
齐昊
35
个人boss
0
3
1
全民修真，唯爱青云！
0.01
-1
-1
-1
-1
齐昊怪
1
false
27203062
李洵
30
个人boss
0
3
1
全民修真，唯爱青云！
0.01
-1
11
13
-1
李洵怪
1
false
27203063
燕虹
30
个人boss
0
3
1
全民修真，唯爱青云！
0.01
-1
24
26
-1
燕虹怪
1
false
27203064
毒神
30
个人boss
0
3
1
全民修真，唯爱青云！
0.01
-1
-1
-1
-1
毒神怪
1
false
27203065
百毒子
30
个人boss
0
3
1
全民修真，唯爱青云！
0.01
-1
28
27
-1
百毒子
1
false
27203066
吸血老祖
30
个人boss
0
3
1
全民修真，唯爱青云！
0.01
-1
39
38
-1
吸血老祖
1
false
27203067
血鲲
30
个人boss
0
3
1
全民修真，唯爱青云！
0.01
-1
-1
61
-1
血鲲
1
false
27203068
小七
55
个人boss
0
3
1
全民修真，唯爱青云！
0.01
-1
-1
-1
-1
小七怪
1
false
27203069
曾书书
50
个人boss
0
3
1
全民修真，唯爱青云！
0.01
-1
-1
-1
-1
曾书书怪
1
false
27203070
法相
50
个人boss
0
3
1
全民修真，唯爱青云！
0.01
-1
-1
-1
-1
法相怪
1
false
27203071
水月
50
个人boss
0
3
1
全民修真，唯爱青云！
0.01
-1
-1
-1
-1
水月怪
1
false
27203072
苍松
50
个人boss
0
3
1
全民修真，唯爱青云！
0.01
-1
-1
-1
-1
苍松怪
1
false
27203073
野狗道人
45
个人boss
0
3
1
全民修真，唯爱青云！
0.01
-1
11
13
-1
野狗
1
false
27203074
吸血老祖
45
个人boss
0
3
1
全民修真，唯爱青云！
0.01
-1
39
38
-1
吸血老祖
1
false
27203075
三尾
45
个人boss
0
3
1
全民修真，唯爱青云！
0.01
-1
23
25
-1
三尾妖狐
1
false
27203076
毒神
45
个人boss
0
3
1
全民修真，唯爱青云！
0.01
-1
-1
-1
-1
毒神怪
1
false
27203077
百毒子
45
个人boss
0
3
1
全民修真，唯爱青云！
0.01
-1
28
27
-1
百毒子
1
false
27203078
吸血老祖
45
个人boss
0
3
1
全民修真，唯爱青云！
0.01
-1
39
38
-1
吸血老祖
1
false
27203079
碧瑶
70
个人boss
0
3
1
全民修真，唯爱青云！
0.01
-1
-1
-1
-1
碧瑶怪
1
false
27203080
青龙
65
个人boss
0
3
1
全民修真，唯爱青云！
0.01
-1
-1
61
-1
青龙怪
1
false
27203081
幽姬
65
个人boss
0
3
1
全民修真，唯爱青云！
0.01
-1
-1
-1
-1
幽姬怪
1
false
27203082
秦无炎
65
个人boss
0
3
1
全民修真，唯爱青云！
0.01
-1
38
37
-1
秦无炎
1
false
27203083
金瓶儿
65
个人boss
0
3
1
全民修真，唯爱青云！
0.01
-1
-1
-1
-1
金瓶儿怪
1
false
27203084
年老大
60
个人boss
0
3
1
全民修真，唯爱青云！
0.01
-1
43
42
-1
年老大
1
false
27203085
野狗道人
60
个人boss
0
3
1
全民修真，唯爱青云！
0.01
-1
11
13
-1
野狗
1
false
27203086
毒神
60
个人boss
0
3
1
全民修真，唯爱青云！
0.01
-1
-1
-1
-1
毒神怪
1
false
27203087
大黄
60
个人boss
0
3
1
全民修真，唯爱青云！
0.01
-1
4
5
-1
大黄怪
1
false
27203088
宋大仁
60
个人boss
0
3
1
全民修真，唯爱青云！
0.01
-1
-1
-1
-1
宋大仁怪
1
false
27203089
文敏
60
个人boss
0
3
1
全民修真，唯爱青云！
0.01
-1
-1
-1
-1
文敏怪
1
false
27203090
林惊羽
85
个人boss
0
3
1
全民修真，唯爱青云！
0.01
-1
-1
-1
-1
林惊羽怪
1
false
27203091
普智
80
个人boss
0
3
1
全民修真，唯爱青云！
0.01
-1
-1
-1
-1
普智怪
1
false
27203092
六尾魔狐
75
个人boss
0
3
1
全民修真，唯爱青云！
0.01
-1
-1
-1
-1
六尾魔狐
1
false
27203093
齐昊
80
个人boss
0
3
1
全民修真，唯爱青云！
0.01
-1
-1
-1
-1
齐昊怪
1
false
27203094
萧逸才
80
个人boss
0
3
1
全民修真，唯爱青云！
0.01
-1
-1
-1
-1
萧逸才怪
1
false
27203095
孟骥
75
个人boss
0
3
1
全民修真，唯爱青云！
0.01
-1
39
38
-1
孟骥
1
false
27203096
玉阳子
75
个人boss
0
3
1
全民修真，唯爱青云！
0.01
-1
51
50
-1
玉阳子
1
false
27203097
燕虹
75
个人boss
0
3
1
全民修真，唯爱青云！
0.01
-1
23
25
-1
燕虹怪
1
false
27203098
大黑蛭
75
个人boss
0
3
1
全民修真，唯爱青云！
0.01
-1
-1
61
-1
大黑蛭
1
false
27203099
三尾
75
个人boss
0
3
1
全民修真，唯爱青云！
0.01
-1
23
25
-1
三尾妖狐
1
false
27203100
李洵
75
个人boss
0
3
1
全民修真，唯爱青云！
0.01
-1
-1
-1
-1
李洵怪
1
false
27203101
宝藏金蟾
15
金钱本小怪
0
1
1
全民修真，唯爱青云！
0.01
-1
20
21
-1
金蟾绿
1
false
27203102
宝藏金蟾
15
金钱本小怪
0
1
1
全民修真，唯爱青云！
0.01
-1
20
21
-1
金蟾银
1
false
27203103
宝藏金蟾
15
金钱本小怪
0
3
1
全民修真，唯爱青云！
0.01
-1
20
21
-1
金蟾金
1
false
27203104
宝藏金蟾
15
金钱本小怪
0
2
1
全民修真，唯爱青云！
0.01
-1
20
21
-1
金蟾水晶
1
false
27203105
玲珑貔貅
15
金钱本boss
0
1
1
全民修真，唯爱青云！
0.01
-1
20
21
-1
貔貅绿
1
false
27203106
玲珑貔貅
15
金钱本boss
0
1
1
全民修真，唯爱青云！
0.01
-1
20
21
-1
貔貅银
1
false
27203107
玲珑貔貅
15
金钱本boss
0
3
1
全民修真，唯爱青云！
0.01
-1
20
21
-1
貔貅金
1
false
27203108
玲珑貔貅
15
金钱本boss
0
2
1
全民修真，唯爱青云！
0.01
-1
20
21
-1
貔貅水晶
1
false
27203109
宝藏金蟾
30
金钱本小怪
0
1
1
全民修真，唯爱青云！
0.01
-1
20
21
-1
金蟾绿
1
false
27203110
宝藏金蟾
30
金钱本小怪
0
1
1
全民修真，唯爱青云！
0.01
-1
20
21
-1
金蟾银
1
false
27203111
宝藏金蟾
30
金钱本小怪
0
3
1
全民修真，唯爱青云！
0.01
-1
20
21
-1
金蟾金
1
false
27203112
宝藏金蟾
30
金钱本小怪
0
2
1
全民修真，唯爱青云！
0.01
-1
20
21
-1
金蟾水晶
1
false
27203113
玲珑貔貅
30
金钱本boss
0
1
1
全民修真，唯爱青云！
0.01
-1
20
21
-1
貔貅绿
1
false
27203114
玲珑貔貅
30
金钱本boss
0
1
1
全民修真，唯爱青云！
0.01
-1
20
21
-1
貔貅银
1
false
27203115
玲珑貔貅
30
金钱本boss
0
3
1
全民修真，唯爱青云！
0.01
-1
20
21
-1
貔貅金
1
false
27203116
玲珑貔貅
30
金钱本boss
0
2
1
全民修真，唯爱青云！
0.01
-1
20
21
-1
貔貅水晶
1
false
27203117
宝藏金蟾
45
金钱本小怪
0
1
1
全民修真，唯爱青云！
0.01
-1
20
21
-1
金蟾绿
1
false
27203118
宝藏金蟾
45
金钱本小怪
0
1
1
全民修真，唯爱青云！
0.01
-1
20
21
-1
金蟾银
1
false
27203119
宝藏金蟾
45
金钱本小怪
0
3
1
全民修真，唯爱青云！
0.01
-1
20
21
-1
金蟾金
1
false
27203120
宝藏金蟾
45
金钱本小怪
0
2
1
全民修真，唯爱青云！
0.01
-1
20
21
-1
金蟾水晶
1
false
27203121
玲珑貔貅
45
金钱本boss
0
1
1
全民修真，唯爱青云！
0.01
-1
20
21
-1
貔貅绿
1
false
27203122
玲珑貔貅
45
金钱本boss
0
1
1
全民修真，唯爱青云！
0.01
-1
20
21
-1
貔貅银
1
false
27203123
玲珑貔貅
45
金钱本boss
0
3
1
全民修真，唯爱青云！
0.01
-1
20
21
-1
貔貅金
1
false
27203124
玲珑貔貅
45
金钱本boss
0
2
1
全民修真，唯爱青云！
0.01
-1
20
21
-1
貔貅水晶
1
false
27203125
宝藏金蟾
60
金钱本小怪
0
1
1
全民修真，唯爱青云！
0.01
-1
20
21
-1
金蟾绿
1
false
27203126
宝藏金蟾
60
金钱本小怪
0
1
1
全民修真，唯爱青云！
0.01
-1
20
21
-1
金蟾银
1
false
27203127
宝藏金蟾
60
金钱本小怪
0
3
1
全民修真，唯爱青云！
0.01
-1
20
21
-1
金蟾金
1
false
27203128
宝藏金蟾
60
金钱本小怪
0
2
1
全民修真，唯爱青云！
0.01
-1
20
21
-1
金蟾水晶
1
false
27203129
玲珑貔貅
60
金钱本boss
0
1
1
全民修真，唯爱青云！
0.01
-1
20
21
-1
貔貅绿
1
false
27203130
玲珑貔貅
60
金钱本boss
0
1
1
全民修真，唯爱青云！
0.01
-1
20
21
-1
貔貅银
1
false
27203131
玲珑貔貅
60
金钱本boss
0
3
1
全民修真，唯爱青云！
0.01
-1
20
21
-1
貔貅金
1
false
27203132
玲珑貔貅
60
金钱本boss
0
2
1
全民修真，唯爱青云！
0.01
-1
20
21
-1
貔貅水晶
1
false
27203133
宝藏金蟾
75
金钱本小怪
0
1
1
全民修真，唯爱青云！
0.01
-1
20
21
-1
金蟾绿
1
false
27203134
宝藏金蟾
75
金钱本小怪
0
1
1
全民修真，唯爱青云！
0.01
-1
20
21
-1
金蟾银
1
false
27203135
宝藏金蟾
75
金钱本小怪
0
3
1
全民修真，唯爱青云！
0.01
-1
20
21
-1
金蟾金
1
false
27203136
宝藏金蟾
75
金钱本小怪
0
2
1
全民修真，唯爱青云！
0.01
-1
20
21
-1
金蟾水晶
1
false
27203137
玲珑貔貅
75
金钱本boss
0
1
1
全民修真，唯爱青云！
0.01
-1
20
21
-1
貔貅绿
1
false
27203138
玲珑貔貅
75
金钱本boss
0
1
1
全民修真，唯爱青云！
0.01
-1
20
21
-1
貔貅银
1
false
27203139
玲珑貔貅
75
金钱本boss
0
3
1
全民修真，唯爱青云！
0.01
-1
20
21
-1
貔貅金
1
false
27203140
玲珑貔貅
75
金钱本boss
0
2
1
全民修真，唯爱青云！
0.01
-1
20
21
-1
貔貅水晶
1
false
27203141
宝藏金蟾
90
金钱本小怪
0
1
1
全民修真，唯爱青云！
0.01
-1
20
21
-1
金蟾绿
1
false
27203142
宝藏金蟾
90
金钱本小怪
0
1
1
全民修真，唯爱青云！
0.01
-1
20
21
-1
金蟾银
1
false
27203143
宝藏金蟾
90
金钱本小怪
0
3
1
全民修真，唯爱青云！
0.01
-1
20
21
-1
金蟾金
1
false
27203144
宝藏金蟾
90
金钱本小怪
0
2
1
全民修真，唯爱青云！
0.01
-1
20
21
-1
金蟾水晶
1
false
27203145
玲珑貔貅
90
金钱本boss
0
1
1
全民修真，唯爱青云！
0.01
-1
20
21
-1
貔貅绿
1
false
27203146
玲珑貔貅
90
金钱本boss
0
1
1
全民修真，唯爱青云！
0.01
-1
20
21
-1
貔貅银
1
false
27203147
玲珑貔貅
90
金钱本boss
0
3
1
全民修真，唯爱青云！
0.01
-1
20
21
-1
貔貅金
1
false
27203148
玲珑貔貅
90
金钱本boss
0
2
1
全民修真，唯爱青云！
0.01
-1
20
21
-1
貔貅水晶
1
false
27203149
招财进宝
15
金钱本木桩
0
2
1
全民修真，唯爱青云！
0.01
-1
-1
-1
-1
招财猫
1
false
27203150
招财进宝
30
金钱本木桩
0
2
1
全民修真，唯爱青云！
0.01
-1
-1
-1
-1
招财猫
1
false
27203151
招财进宝
45
金钱本木桩
0
2
1
全民修真，唯爱青云！
0.01
-1
-1
-1
-1
招财猫
1
false
27203152
招财进宝
60
金钱本木桩
0
2
1
全民修真，唯爱青云！
0.01
-1
-1
-1
-1
招财猫
1
false
27203153
招财进宝
75
金钱本木桩
0
2
1
全民修真，唯爱青云！
0.01
-1
-1
-1
-1
招财猫
1
false
27203154
招财进宝
90
金钱本木桩
0
2
1
全民修真，唯爱青云！
0.01
-1
-1
-1
-1
招财猫
1
false
21040101
妖蝠
45
剧情副本普通怪物(45以后)
0
1
0
0.5
-1
30
29
-1
妖蝠
1
false
21040102
万毒精英
45
剧情副本普通怪物(45以后)
0
1
0
0.5
-1
10
12
-1
万毒精英
1
false
21040103
颜烈
45
剧情副本boss(45以后)
0
1
0
0.5
-1
38
37
-1
秦无炎
1
false
21040201
阴灵
47
剧情副本普通怪物(45以后)
0
1
0
0.5
-1
58
57
-1
阴灵
1
false
21040202
树妖
47
剧情副本普通怪物(45以后)
0
1
0
0.5
-1
-1
56
-1
树妖
1
false
21040203
树妖
47
剧情副本boss(45以后)
0
1
0
0.5
-1
-1
56
-1
树妖大
1
false
21040301
魅狐
49
剧情副本普通怪物(45以后)
0
1
0
0.5
-1
23
25
-1
魅狐
1
false
21040302
食人花
49
剧情副本普通怪物(45以后)
0
1
0
0.5
-1
-1
56
-1
食人花
1
false
21040303
叛教弟子
49
剧情副本普通怪物(45以后)
0
1
0
0.5
-1
11
13
-1
叛教弟子
1
false
21040304
心魔
49
剧情副本boss(45以后)
0
1
0
0.5
-1
58
57
-1
心魔
1
false
21040401
灵猿
51
剧情副本普通怪物(45以后)
0
1
0
0.5
-1
-1
-1
-1
灵猴
1
false
21040402
银铃狸猫
51
剧情副本普通怪物(45以后)
0
1
0
0.5
-1
-1
6
7
银铃狸猫
1
false
21040403
剑痴
51
剧情副本boss(45以后)
0
1
0
0.5
-1
43
42
-1
剑痴
1
false
21040501
鬼影
52
剧情副本普通怪物(45以后)
0
1
0
0.5
-1
58
57
-1
鬼影
1
false
21040502
阴灵
52
剧情副本普通怪物(45以后)
0
1
0
0.5
-1
58
57
-1
阴灵
1
false
21040503
嗜血魔头
52
剧情副本boss(45以后)
0
1
0
0.5
-1
41
40
-1
魔化普智
1
false
21040601
冰尸鬼
54
剧情副本普通怪物(45以后)
0
1
0
0.5
-1
58
57
-1
冰尸鬼
1
false
21040602
鬼童子
54
剧情副本普通怪物(45以后)
0
1
0
0.5
-1
-1
-1
-1
鬼童子
1
false
21040603
血毒尸王
54
剧情副本boss(45以后)
0
1
0
0.5
-1
47
46
-1
尸王
1
false
21040604
符鬼
54
剧情副本普通怪物(45以后)
0
1
0
0.5
-1
58
57
-1
符鬼
1
false
21040701
九幽阴灵
55
剧情副本普通怪物(45以后)
0
1
0
0.5
-1
58
57
-1
九幽阴灵
1
false
21040702
万毒精英
55
剧情副本普通怪物(45以后)
0
1
0
0.5
-1
10
12
-1
万毒精英
1
false
21040703
黑水玄蛇
55
剧情副本boss(45以后)
0
1
0
0.5
-1
31
30
-1
黑水玄蛇
1
false
21040704
妖蝠
55
剧情副本普通怪物(45以后)
0
1
0
0.5
-1
30
29
-1
妖蝠
1
false
21040801
天地戾魔
57
剧情副本普通怪物(45以后)
0
1
0
0.5
-1
58
57
-1
天地戾魔
1
false
21040802
兽神煞气
57
剧情副本普通怪物(45以后)
0
1
0
0.5
-1
58
57
-1
兽神煞气
1
false
21040803
黑心老人
57
剧情副本boss(45以后)
0
1
0
0.5
-1
10
12
-1
黑心老人
1
false
21040804
金铃夫人
57
剧情副本boss(45以后)
0
1
0
0.5
-1
23
25
-1
金铃夫人
1
false
21040901
符鬼
59
剧情副本普通怪物(45以后)
0
1
0
0.5
-1
58
57
-1
符鬼
1
false
21040902
鬼王弟子
59
剧情副本普通怪物(45以后)
0
1
0
0.5
-1
10
12
-1
叛教弟子
1
false
21040903
鬼先生
59
剧情副本boss(45以后)
0
1
0
0.5
-1
37
36
-1
鬼先生怪
1
false
21041001
兽神煞气
60
剧情副本普通怪物(45以后)
0
1
0
0.5
-1
58
57
-1
兽神煞气
1
false
21041002
天地戾魔
60
剧情副本普通怪物(45以后)
0
1
0
0.5
-1
58
57
-1
天地戾魔
1
false
21041003
兽神之魄
60
剧情副本boss(45以后)
0
1
0
0.5
-1
49
48
-1
兽神
1
false
21050101
百毒药人
62
剧情副本普通怪物(45以后)
0
1
0
0.5
-1
10
12
-1
百毒药人
1
false
21050102
万毒精英
62
剧情副本普通怪物(45以后)
0
1
0
0.5
-1
11
13
-1
万毒精英
1
false
21050103
秦无炎
62
剧情副本boss(45以后)
0
1
0
0.5
-1
38
37
-1
秦无炎
1
false
21050104
毒蛇
62
剧情副本普通怪物(45以后)
0
1
0
0.5
-1
21
20
-1
戾蛇
1
false
21050201
剑痴
63
剧情副本普通怪物(45以后)
0
1
0
0.5
-1
43
42
-1
剑痴
1
false
21050202
鬼僧
63
剧情副本普通怪物(45以后)
0
1
0
0.5
-1
58
57
-1
鬼僧
1
false
21050203
剑痴
63
剧情副本boss(45以后)
0
1
0
0.5
-1
43
42
-1
剑痴大
1
false
21050301
牛人兽妖
65
剧情副本普通怪物(45以后)
0
1
0
0.5
-1
-1
61
-1
牛人兽妖
1
false
21050302
虎人兽妖
65
剧情副本普通怪物(45以后)
0
1
0
0.5
-1
-1
18
-1
虎人兽妖
1
false
21050303
兽人
65
剧情副本boss(45以后)
0
1
0
0.5
-1
-1
18
-1
虎人兽妖大
1
false
21050401
叛教弟子
66
剧情副本普通怪物(45以后)
0
1
0
0.5
-1
11
13
-1
叛教弟子
1
false
21050402
叛教精英
66
剧情副本普通怪物(45以后)
0
1
0
0.5
-1
10
12
-1
叛教精英
1
false
21050403
青龙
66
剧情副本boss(45以后)
0
1
0
0.5
-1
-1
61
-1
青龙怪
1
false
21050501
魅狐
68
剧情副本普通怪物(45以后)
0
1
0
0.5
-1
23
25
-1
魅狐
1
false
21050502
叛教弟子
68
剧情副本普通怪物(45以后)
0
1
0
0.5
-1
10
12
-1
叛教弟子
1
false
21050503
食人花
68
剧情副本boss(45以后)
0
1
0
0.5
-1
-1
56
-1
食人花
1
false
21050601
火猿
70
剧情副本普通怪物(45以后)
0
1
0
0.5
-1
1
2
-1
火猿
1
false
21050602
炎狼
70
剧情副本普通怪物(45以后)
0
1
0
0.5
-1
4
5
-1
炎狼
1
false
21050603
李洵
70
剧情副本boss(45以后)
0
1
0
0.5
-1
10
12
-1
李洵怪
1
false
21050604
燕虹
70
剧情副本boss(45以后)
0
1
0
0.5
-1
35
34
-1
燕虹怪
1
false
21050701
叛教弟子
72
剧情副本普通怪物(45以后)
0
1
0
0.5
-1
10
12
-1
叛教弟子
1
false
21050702
叛教精英
72
剧情副本普通怪物(45以后)
0
1
0
0.5
-1
11
13
-1
叛教精英
1
false
21050703
神秘人
72
剧情副本boss(45以后)
0
1
0
0.5
-1
53
52
-1
黑衣苍松
1
false
21050704
碧瑶
72
友方单位
7
1
0
0.5
-1
-1
-1
-1
碧瑶普攻
1
false
21050801
鬼王刀手
74
剧情副本普通怪物(45以后)
0
1
0
0.5
-1
10
12
-1
流波海贼
1
false
21050802
天地戾魔
74
剧情副本普通怪物(45以后)
0
1
0
0.5
-1
58
57
-1
天地戾魔
1
false
21050803
青龙
74
剧情副本boss(45以后)
0
1
0
0.5
-1
-1
61
-1
青龙怪
1
false
21050804
张小凡
74
友方单位
7
1
0
0.5
-1
-1
-1
-1
张小凡普攻
1
false
21050805
碧瑶
74
友方单位
7
1
0
0.5
-1
-1
-1
-1
碧瑶普攻
1
false
21050901
鬼王领队
74
剧情副本普通怪物(45以后)
0
1
0
0.5
-1
11
13
-1
炼血堂杀手
1
false
21050902
兽神煞气
74
剧情副本普通怪物(45以后)
0
1
0
0.5
-1
58
57
-1
兽神煞气
1
false
21050903
鬼先生
74
剧情副本boss(45以后)
0
1
0
0.5
-1
11
12
-1
鬼先生怪
1
false
21050904
碧瑶
74
友方单位
7
1
0
0.5
-1
-1
-1
-1
碧瑶普攻
1
false
21050905
张小凡
75
友方单位
7
1
0
0.5
-1
-1
-1
-1
张小凡普攻
1
false
21050906
碧瑶
75
友方单位
7
1
0
0.5
-1
-1
-1
-1
碧瑶普攻
1
false
21050907
张小凡
75
友方单位
7
1
0
0.5
-1
-1
-1
-1
张小凡普攻
1
false
21051001
狐山树妖
75
剧情副本普通怪物(45以后)
0
1
0
0.5
-1
-1
56
-1
树妖
1
false
21051002
鬼王刀手
75
剧情副本普通怪物(45以后)
0
1
0
0.5
-1
11
13
-1
流波海贼
1
false
21051003
神秘人
75
剧情副本boss(45以后)
0
1
0
0.5
-1
53
52
-1
黑衣苍松
1
false
21051004
鬼王领队
75
剧情副本普通怪物(45以后)
0
1
0
0.5
-1
10
12
-1
炼血堂杀手
1
false
27501101
怨灵
19
多人活动用普通怪物
0
1
2
还我命来……
我要收了你的魂……
0.5
-1
58
57
-1
九幽阴灵
1
false
27501102
幽魂
19
多人活动用普通怪物
0
1
2
别在我的坟前哭
别在我的坟前哭
0.5
-1
58
57
-1
阴灵
1
false
27501103
怨灵
19
多人活动用普通怪物
0
1
2
还我命来……
我要收了你的魂……
0.5
-1
58
57
-1
九幽阴灵
1
false
27501104
嗜血魔头
19
多人活动用小boss
0
1
2
杀了他们……
杀了他们……
0.5
-1
41
40
-1
魔化普智大
1
false
27501201
怨灵
19
多人活动用普通怪物
0
1
2
还我命来……
我要收了你的魂……
0.5
-1
58
57
-1
九幽阴灵
1
false
27501202
幽魂
19
多人活动用普通怪物
0
1
2
别在我的坟前哭
别在我的坟前哭
0.5
-1
58
57
-1
阴灵
1
false
27501203
怨灵
19
多人活动用精英怪物
0
1
2
还我命来……
我要收了你的魂……
0.5
-1
58
57
-1
九幽阴灵
1
false
27501204
嗜血魔头
19
多人活动用小boss
0
1
2
杀了他们……
杀了他们……
0.5
-1
41
40
-1
魔化普智大
1
false
27501301
怨灵
19
多人活动用普通怪物
0
1
2
还我命来……
我要收了你的魂……
0.5
-1
58
57
-1
九幽阴灵
1
false
27501302
幽魂
19
多人活动用普通怪物
0
1
2
别在我的坟前哭
别在我的坟前哭
0.5
-1
58
57
-1
阴灵
1
false
27501303
怨灵
19
多人活动用精英怪物
0
1
2
还我命来……
我要收了你的魂……
0.5
-1
58
57
-1
九幽阴灵
1
false
27501304
嗜血魔头
19
多人活动用大boss
0
1
2
杀了他们……
杀了他们……
0.5
-1
41
40
-1
魔化普智大
1
false
27502101
炼血堂杀手
26
多人活动用普通怪物
0
1
0
0.5
-1
10
12
-1
炼血堂杀手
1
false
27502102
炼血堂死士
26
多人活动用普通怪物
0
1
0
0.5
-1
11
13
-1
炼血堂死士
1
false
27502103
野狗道人
26
多人活动用小boss
0
1
0
0.5
-1
11
13
-1
野狗
1
false
27502104
年老大
26
多人活动用小boss
0
1
0
0.5
-1
43
42
-1
年老大大
1
false
27502105
血鲲
26
多人活动用大boss
0
1
0
0.5
-1
-1
61
-1
血鲲大
1
false
27502201
炼血堂杀手
26
多人活动用精英怪物
0
1
0
0.5
-1
10
12
-1
炼血堂杀手
1
false
27502202
炼血堂死士
26
多人活动用精英怪物
0
1
0
0.5
-1
11
13
-1
炼血堂死士
1
false
27502203
野狗道人
26
多人活动用小boss
0
1
0
0.5
-1
11
13
-1
野狗
1
false
27502204
年老大
26
多人活动用小boss
0
1
0
0.5
-1
43
42
-1
年老大大
1
false
27502205
血鲲
26
多人活动用大boss
0
1
0
0.5
-1
-1
61
-1
血鲲大
1
false
27502301
炼血堂杀手
26
多人活动用精英怪物
0
1
0
0.5
-1
11
13
-1
炼血堂杀手
1
false
27502302
炼血堂死士
26
多人活动用精英怪物
0
1
0
0.5
-1
10
12
-1
炼血堂死士
1
false
27502303
野狗道人
26
多人活动用小boss
0
1
0
0.5
-1
11
13
-1
野狗
1
false
27502304
年老大
26
多人活动用大boss
0
1
0
0.5
-1
43
42
-1
年老大大
1
false
27502305
血鲲
26
多人活动用大boss
0
1
0
0.5
-1
-1
61
-1
血鲲大
1
false
27503101
炼血堂死士
30
多人活动用普通怪物
0
1
0
0.5
-1
10
12
-1
炼血堂死士
1
false
27503102
百毒药人
30
多人活动用普通怪物
0
1
0
0.5
-1
11
13
-1
百毒药人
1
false
27503103
秦无炎
30
多人活动用小boss
0
1
0
0.5
-1
37
36
-1
秦无炎
1
false
27503201
炼血堂死士
30
多人活动用普通怪物
0
1
0
0.5
-1
10
12
-1
炼血堂死士
1
false
27503202
百毒药人
30
多人活动用精英怪物
0
1
0
0.5
-1
11
13
-1
百毒药人
1
false
27503203
秦无炎
30
多人活动用小boss
0
1
0
0.5
-1
37
36
-1
秦无炎
1
false
27503301
炼血堂死士
30
多人活动用精英怪物
0
1
0
0.5
-1
10
12
-1
炼血堂死士
1
false
27503302
百毒药人
30
多人活动用精英怪物
0
1
0
0.5
-1
11
13
-1
百毒药人
1
false
27503303
秦无炎
30
多人活动用大boss
0
1
0
0.5
-1
11
13
-1
秦无炎
1
false
27504101
魅狐
45
多人活动用普通怪物
0
1
0
0.5
-1
24
26
-1
魅狐
1
false
27504102
食人花
45
多人活动用普通怪物
0
1
0
0.5
-1
-1
56
-1
食人花
1
false
27504103
叛教弟子
45
多人活动用普通怪物
0
1
0
0.5
-1
10
12
-1
叛教弟子
1
false
27504104
心魔
45
多人活动用小boss
0
1
0
0.5
-1
58
57
-1
心魔
1
false
27504201
魅狐
45
多人活动用普通怪物
0
1
0
0.5
-1
24
26
-1
魅狐
1
false
27504202
食人花
45
多人活动用普通怪物
0
1
0
0.5
-1
-1
56
-1
食人花
1
false
27504203
叛教弟子
45
多人活动用精英怪物
0
1
0
0.5
-1
10
12
-1
叛教弟子
1
false
27504204
心魔
45
多人活动用大boss
0
1
0
0.5
-1
58
57
-1
心魔
1
false
27504301
魅狐
45
多人活动用精英怪物
0
1
0
0.5
-1
23
25
-1
魅狐
1
false
27504302
食人花
45
多人活动用精英怪物
0
1
0
0.5
-1
-1
56
-1
食人花
1
false
27504303
叛教弟子
45
多人活动用精英怪物
0
1
0
0.5
-1
10
12
-1
叛教弟子
1
false
27504304
心魔
45
多人活动用大boss
0
1
0
0.5
-1
58
57
-1
心魔
1
false
27505101
百毒药人
60
多人活动用普通怪物
0
1
0
0.5
-1
11
13
-1
百毒药人
1
false
27505102
毒蛇
60
多人活动用普通怪物
0
1
0
0.5
-1
21
20
-1
戾蛇
1
false
27505103
万毒精英
60
多人活动用普通怪物
0
1
0
0.5
-1
10
12
-1
万毒精英
1
false
27505104
秦无炎
60
多人活动用小boss
0
1
0
0.5
-1
11
13
-1
秦无炎
1
false
27505201
百毒药人
60
多人活动用普通怪物
0
1
0
0.5
-1
11
13
-1
百毒药人
1
false
27505202
毒蛇
60
多人活动用普通怪物
0
1
0
0.5
-1
21
20
-1
戾蛇
1
false
27505203
万毒精英
60
多人活动用精英怪物
0
1
0
0.5
-1
10
12
-1
万毒精英
1
false
27505204
秦无炎
60
多人活动用大boss
0
1
0
0.5
-1
11
13
-1
秦无炎
1
false
27505301
百毒药人
60
多人活动用精英怪物
0
1
0
0.5
-1
11
13
-1
百毒药人
1
false
27505302
毒蛇
60
多人活动用精英怪物
0
1
0
0.5
-1
21
20
-1
戾蛇
1
false
27505303
万毒精英
60
多人活动用精英怪物
0
1
0
0.5
-1
10
12
-1
万毒精英
1
false
27505304
秦无炎
60
多人活动用大boss
0
1
0
0.5
-1
11
13
-1
秦无炎
1
false
27506101
鬼王领队
75
多人活动用普通怪物
0
1
0
0.5
-1
10
12
-1
炼血堂杀手
1
false
27506102
兽神煞气
75
多人活动用普通怪物
0
1
0
0.5
-1
49
48
-1
兽神煞气
1
false
27506103
鬼先生
75
多人活动用小boss
0
1
0
0.5
-1
28
27
-1
鬼先生怪
1
false
27506201
鬼王领队
75
多人活动用普通怪物
0
1
0
0.5
-1
11
13
-1
炼血堂杀手
1
false
27506202
兽神煞气
75
多人活动用精英怪物
0
1
0
0.5
-1
49
48
-1
兽神煞气
1
false
27506203
鬼先生
75
多人活动用大boss
0
1
0
0.5
-1
28
27
-1
鬼先生怪
1
false
27506301
鬼王领队
75
多人活动用精英怪物
0
1
0
0.5
-1
10
12
-1
炼血堂杀手
1
false
27506302
兽神煞气
75
多人活动用精英怪物
0
1
0
0.5
-1
49
48
-1
兽神煞气
1
false
27506303
鬼先生
75
多人活动用大boss
0
1
0
0.5
-1
28
27
-1
鬼先生怪
1
false
27610101
黑蝠
30
普通怪物
0
1
0
0.5
-1
30
29
-1
黑蝠
1
false
27610201
花魅
30
普通怪物
0
1
0
0.5
-1
24
26
-1
牡丹花妖
1
false
27610301
黑蝠
30
普通怪物
0
1
0
0.5
-1
30
29
-1
黑蝠
1
false
27610401
鬼僧
90
剧情副本普通怪物(45以后)
0
1
0
0.5
-1
58
57
-1
鬼僧
1
false
21040104
曾书书
45
友方单位
7
1
0
0.5
-1
-1
-1
-1
曾书书普攻
1
false
21040105
林惊羽
45
友方单位
7
1
0
0.5
-1
-1
-1
-1
林惊羽普攻
1
false
21040204
张小凡
47
友方单位
7
1
0
0.5
-1
-1
-1
-1
张小凡普攻
1
false
21040205
陆雪琪
47
友方单位
7
1
0
0.5
-1
-1
-1
-1
陆雪琪普攻
1
false
21040305
张小凡
49
友方单位
7
1
0
0.5
-1
-1
-1
-1
张小凡普攻
1
false
21040306
碧瑶
49
友方单位
7
1
0
0.5
-1
-1
-1
-1
碧瑶普攻
1
false
21040605
林惊羽
54
友方单位
7
1
0
0.5
-1
-1
-1
-1
林惊羽普攻
1
false
21040606
曾书书
54
友方单位
7
1
0
0.5
-1
-1
-1
-1
曾书书普攻
1
false
21040705
林惊羽
55
友方单位
7
1
0
0.5
-1
-1
-1
-1
林惊羽普攻
1
false
21040706
金瓶儿
55
友方单位
7
1
0
0.5
-1
-1
-1
-1
金瓶儿普攻
1
false
21040707
陆雪琪
55
友方单位
7
1
0
0.5
-1
-1
-1
-1
陆雪琪普攻
1
false
21040708
曾书书
55
友方单位
7
1
0
0.5
-1
-1
-1
-1
曾书书普攻
1
false
21040805
张小凡
57
友方单位
7
1
0
0.5
-1
-1
-1
-1
张小凡普攻
1
false
21040806
碧瑶
57
友方单位
7
1
0
0.5
-1
-1
-1
-1
碧瑶普攻
1
false
21040904
张小凡
59
友方单位
7
1
0
0.5
-1
-1
-1
-1
张小凡普攻
1
false
21040905
碧瑶
59
友方单位
7
1
0
0.5
-1
-1
-1
-1
碧瑶普攻
1
false
21041004
张小凡
60
友方单位
7
1
0
0.5
-1
-1
-1
-1
张小凡普攻
1
false
21041005
碧瑶
60
友方单位
7
1
0
0.5
-1
-1
-1
-1
碧瑶普攻
1
false
21041006
林惊羽
60
友方单位
7
1
0
0.5
-1
-1
-1
-1
林惊羽普攻
1
false
21041007
曾书书
60
友方单位
7
1
0
0.5
-1
-1
-1
-1
曾书书普攻
1
false
21041008
陆雪琪
60
友方单位
7
1
0
0.5
-1
-1
-1
-1
陆雪琪普攻
1
false
21050105
碧瑶
62
友方单位
7
1
0
0.5
-1
-1
-1
-1
碧瑶普攻
1
false
21050204
林惊羽
63
友方单位
7
1
0
0.5
-1
-1
-1
-1
林惊羽普攻
1
false
21050304
林惊羽
65
友方单位
7
1
0
0.5
-1
-1
-1
-1
林惊羽普攻
1
false
21050504
碧瑶
68
友方单位
7
1
0
0.5
-1
-1
-1
-1
碧瑶普攻
1
false
21050505
张小凡
68
友方单位
7
1
0
0.5
-1
-1
-1
-1
张小凡普攻
1
false
21051005
张小凡
75
友方单位
7
1
0
0.5
-1
-1
-1
-1
张小凡普攻
1
false
27502306
潜行的精锐
28
多人活动用精英怪物
0
1
0
0.5
-1
-1
-1
-1
万毒精英
1
false
27503304
万毒刺客
32
多人活动用精英怪物
0
1
0
0.5
-1
-1
-1
-1
叛教弟子
1
false
27504305
梦魇毒瘴
47
多人活动用精英怪物
0
1
0
0.5
-1
-1
-1
-1
兽神煞气
1
false
27504306
梦魇兽妖
47
多人活动用精英怪物
0
1
0
0.5
-1
-1
-1
-1
猪人兽妖
1
false
21060101
牛人兽妖
76
剧情副本普通怪物(45以后)
0
1
2
来者何人！！！
什么声音！
0.5
-1
-1
61
-1
牛人兽妖
1
false
21060102
虎人兽妖
76
剧情副本普通怪物(45以后)
0
1
2
来者何人！！！
什么声音！
0.5
-1
-1
18
-1
虎人兽妖
1
false
21060103
牛人兽妖
76
剧情副本boss(45以后)
0
1
2
来者何人！！！
什么声音！
0.5
-1
-1
61
-1
牛人兽妖大
1
false
21060201
长生堂弟子
77
剧情副本普通怪物(45以后)
0
1
2
来者何人！！！
什么声音！
0.5
-1
10
12
-1
长生堂弟子
1
false
21060202
长生堂精英
77
剧情副本普通怪物(45以后)
0
1
2
来者何人！！！
什么声音！
0.5
-1
11
13
-1
长生堂弟子
1
false
21060203
长生堂精英
77
剧情副本boss(45以后)
0
1
2
来者何人！！！
什么声音！
0.5
-1
10
12
-1
长生堂弟子大
1
false
21060301
长生堂弟子
78
剧情副本普通怪物(45以后)
0
1
2
来者何人！！！
什么声音！
0.5
-1
11
13
-1
长生堂弟子
1
false
21060302
长生堂弟子
78
剧情副本普通怪物(45以后)
0
1
2
来者何人！！！
什么声音！
0.5
-1
10
12
-1
长生堂弟子
1
false
21060303
玉阳子
78
剧情副本boss(45以后)
0
1
2
来者何人！！！
什么声音！
0.5
-1
51
50
-1
玉阳子大
1
false
21060401
长生堂弟子
79
剧情副本普通怪物(45以后)
0
1
2
来者何人！！！
什么声音！
0.5
-1
10
12
-1
长生堂弟子
1
false
21060402
长生堂弟子
79
剧情副本普通怪物(45以后)
0
1
2
来者何人！！！
什么声音！
0.5
-1
11
13
-1
长生堂弟子
1
false
21060403
玉阳子
79
剧情副本boss(45以后)
0
1
2
来者何人！！！
什么声音！
0.5
-1
51
50
-1
玉阳子大
1
false
21060501
长生堂弟子
81
剧情副本普通怪物(45以后)
0
1
2
来者何人！！！
什么声音！
0.5
-1
10
12
-1
长生堂弟子
1
false
21060502
长生堂精英
81
剧情副本普通怪物(45以后)
0
1
2
来者何人！！！
什么声音！
0.5
-1
11
13
-1
长生堂弟子
1
false
21060503
玉阳子
81
剧情副本boss(45以后)
0
1
2
来者何人！！！
什么声音！
0.5
-1
51
50
-1
玉阳子大
1
false
21060601
长生堂弟子
83
剧情副本普通怪物(45以后)
0
1
2
来者何人！！！
什么声音！
0.5
-1
10
12
-1
长生堂弟子
1
false
21060602
长生堂精英
83
剧情副本普通怪物(45以后)
0
1
2
来者何人！！！
什么声音！
0.5
-1
11
13
-1
长生堂弟子
1
false
21060603
李洵
83
剧情副本boss(45以后)
0
1
2
来者何人！！！
什么声音！
0.5
-1
37
36
-1
李洵怪
1
false
21060701
火猿
85
剧情副本普通怪物(45以后)
0
1
2
来者何人！！！
什么声音！
0.5
-1
1
2
-1
火猿
1
false
21060702
炎狼
85
剧情副本普通怪物(45以后)
0
1
2
来者何人！！！
什么声音！
0.5
-1
4
5
-1
炎狼
1
false
21060703
李洵
85
剧情副本boss(45以后)
0
1
2
来者何人！！！
什么声音！
0.5
-1
37
36
-1
李洵怪
1
false
21060704
燕虹
85
剧情副本boss(45以后)
0
1
2
来者何人！！！
什么声音！
0.5
-1
23
25
-1
燕虹怪
1
false
21060801
鬼王领队
87
剧情副本普通怪物(45以后)
0
1
2
来者何人！！！
什么声音！
0.5
-1
10
12
-1
炼血堂杀手
1
false
21060802
鬼王精英
87
剧情副本普通怪物(45以后)
0
1
2
来者何人！！！
什么声音！
0.5
-1
11
13
-1
鬼王精英
1
false
21060803
鬼王刀手
87
剧情副本普通怪物(45以后)
0
1
2
来者何人！！！
什么声音！
0.5
-1
10
12
-1
流波海贼
1
false
21060901
鬼王刀手
89
剧情副本普通怪物(45以后)
0
1
2
来者何人！！！
什么声音！
0.5
-1
11
13
-1
流波海贼
1
false
21060902
万毒精英
89
剧情副本普通怪物(45以后)
0
1
2
来者何人！！！
什么声音！
0.5
-1
10
12
-1
万毒精英
1
false
21060903
假的夔牛
89
剧情副本boss(45以后)
0
1
2
来者何人！！！
什么声音！
0.5
-1
-1
61
-1
夔牛大
1
false
21061001
鬼王领队
90
剧情副本普通怪物(45以后)
0
1
2
来者何人！！！
什么声音！
0.5
-1
10
12
-1
炼血堂杀手
1
false
21061002
百毒药人
90
剧情副本普通怪物(45以后)
0
1
2
来者何人！！！
什么声音！
0.5
-1
10
12
-1
百毒药人
1
false
21061003
夔牛
90
剧情副本boss(45以后)
0
1
2
来者何人！！！
什么声音！
0.5
-1
-1
61
-1
夔牛大
1
false
21070101
野猪
90
剧情副本普通怪物(45以后)
0
1
2
来者何人！！！
什么声音！
0.5
-1
15
16
-1
野猪
1
false
21070102
玄冥狼
90
剧情副本普通怪物(45以后)
0
1
2
来者何人！！！
什么声音！
0.5
-1
4
5
-1
玄冥狼
1
false
21070103
食人花
90
剧情副本普通怪物(45以后)
0
1
2
来者何人！！！
什么声音！
0.5
-1
-1
56
-1
食人花
1
false
21070104
树妖
90
剧情副本普通怪物(45以后)
0
1
2
来者何人！！！
什么声音！
0.5
-1
-1
56
-1
树妖
1
false
21070105
熔岩犬
90
剧情副本boss(45以后)
0
1
2
来者何人！！！
什么声音！
0.5
-1
4
5
-1
熔岩犬大
1
false
21070201
剑痴
91
剧情副本普通怪物(45以后)
0
1
2
来者何人！！！
什么声音！
0.5
-1
37
36
-1
剑痴
1
false
21070202
鬼僧
91
剧情副本普通怪物(45以后)
0
1
2
来者何人！！！
什么声音！
0.5
-1
39
38
-1
鬼僧
1
false
21070203
剑痴
91
剧情副本boss(45以后)
0
1
2
来者何人！！！
什么声音！
0.5
-1
37
36
-1
剑痴大
1
false
21070301
符鬼
93
剧情副本普通怪物(45以后)
0
1
2
来者何人！！！
什么声音！
0.5
-1
58
57
-1
符鬼
1
false
21070302
天地戾魔
93
剧情副本普通怪物(45以后)
0
1
2
来者何人！！！
什么声音！
0.5
-1
58
57
-1
天地戾魔
1
false
21070303
心魔
93
剧情副本boss(45以后)
0
1
2
来者何人！！！
什么声音！
0.5
-1
58
57
-1
心魔大
1
false
21070401
鬼僧
94
剧情副本普通怪物(45以后)
0
1
2
来者何人！！！
什么声音！
0.5
-1
58
57
-1
鬼僧
1
false
21070402
符鬼
94
剧情副本普通怪物(45以后)
0
1
2
来者何人！！！
什么声音！
0.5
-1
58
57
-1
符鬼
1
false
21070403
天地戾魔
94
剧情副本普通怪物(45以后)
0
1
2
来者何人！！！
什么声音！
0.5
-1
58
57
-1
天地戾魔
1
false
21070404
鬼影
94
剧情副本普通怪物(45以后)
0
1
2
来者何人！！！
什么声音！
0.5
-1
58
57
-1
鬼影
1
false
21070405
心魔
94
小boss
0
1
2
来者何人！！！
什么声音！
0.5
-1
58
57
-1
心魔
1
false
21070406
魔化普智
95
剧情副本boss(45以后)
0
1
2
来者何人！！！
什么声音！
0.5
-1
41
40
-1
魔化普智大
1
false
21060104
林惊羽
76
友方单位
7
1
2
来者何人！！！
什么声音！
0.5
-1
-1
61
-1
林惊羽普攻
1
false
21060204
林惊羽
77
友方单位
7
1
2
来者何人！！！
什么声音！
0.5
-1
-1
61
-1
林惊羽普攻
1
false
21060205
林惊羽
77
友方单位
7
1
2
来者何人！！！
什么声音！
0.5
-1
-1
61
-1
林惊羽普攻
1
false
21060304
林惊羽
78
友方单位
7
1
2
来者何人！！！
什么声音！
0.5
-1
-1
61
-1
林惊羽普攻
1
false
21060404
张小凡
79
友方单位
7
1
2
来者何人！！！
什么声音！
0.5
-1
-1
61
-1
张小凡普攻
1
false
21060405
碧瑶
79
友方单位
7
1
2
来者何人！！！
什么声音！
0.5
-1
-1
61
-1
碧瑶普攻
1
false
21060504
张小凡
81
友方单位
7
1
2
来者何人！！！
什么声音！
0.5
-1
-1
61
-1
张小凡普攻
1
false
21060505
碧瑶
81
友方单位
7
1
2
来者何人！！！
什么声音！
0.5
-1
-1
61
-1
碧瑶普攻
1
false
21060604
张小凡
83
友方单位
7
1
2
来者何人！！！
什么声音！
0.5
-1
-1
61
-1
张小凡普攻
1
false
21060605
曾书书
83
友方单位
7
1
2
来者何人！！！
什么声音！
0.5
-1
-1
61
-1
曾书书普攻
1
false
21060705
张小凡
85
友方单位
7
1
2
来者何人！！！
什么声音！
0.5
-1
-1
61
-1
张小凡普攻
1
false
21060706
碧瑶
85
友方单位
7
1
2
来者何人！！！
什么声音！
0.5
-1
-1
61
-1
碧瑶普攻
1
false
21060707
陆雪琪
85
友方单位
7
1
2
来者何人！！！
什么声音！
0.5
-1
-1
61
-1
陆雪琪普攻
1
false
21060904
碧瑶
89
友方单位
7
1
2
来者何人！！！
什么声音！
0.5
-1
-1
61
-1
碧瑶普攻
1
false
21061004
水月
90
友方单位
7
1
2
来者何人！！！
什么声音！
0.5
-1
-1
61
-1
水月普攻
1
false
21061005
苍松
90
友方单位
7
1
2
来者何人！！！
什么声音！
0.5
-1
-1
61
-1
苍松普攻
1
false
21061006
田不易
90
友方单位
7
1
2
来者何人！！！
什么声音！
0.5
-1
-1
61
-1
田不易普攻
1
false
27500001
鱼人（15级）
20
世界经验怪
0
2
0
0.5
-1
-1
61
-1
鱼人
2
false
27500002
牛人兽妖(30级）
35
世界经验怪
0
2
0
0.5
-1
-1
61
-1
牛人兽妖
2
false
27500003
猪人兽妖（45级）
40
世界经验怪
0
2
0
0.5
-1
-1
61
-1
猪人兽妖
2
false
27500004
虎人兽妖（60级）
65
世界经验怪
0
2
0
0.5
-1
-1
33
-1
虎人兽妖
2
false
27500005
天地戾魔（75级）
80
世界经验怪
0
2
0
0.5
-1
-1
61
-1
天地戾魔
2
false
27300001
夔牛
30
家族神兽boss
0
3
0
0.5
-1
-1
61
-1
夔牛
1
false
27300002
烛龙
30
家族神兽boss
0
3
0
0.5
-1
-1
61
-1
烛龙
1
false
27300003
饕餮
30
家族神兽boss
0
3
0
0.5
-1
-1
61
-1
饕餮
1
false
27300004
黄鸟
30
家族神兽boss
0
3
0
0.5
-1
-1
33
-1
黄鸟
1
false
27300005
貔貅
30
家族神兽boss
0
3
0
0.5
-1
-1
61
-1
貔貅绿
1
false
27300006
夔牛
45
家族神兽boss
0
3
0
0.5
-1
-1
61
-1
夔牛
1
false
27300007
烛龙
45
家族神兽boss
0
3
0
0.5
-1
-1
61
-1
烛龙
1
false
27300008
饕餮
45
家族神兽boss
0
3
0
0.5
-1
-1
61
-1
饕餮
1
false
27300009
黄鸟
45
家族神兽boss
0
3
0
0.5
-1
-1
33
-1
黄鸟
1
false
27300010
貔貅
45
家族神兽boss
0
3
0
0.5
-1
-1
61
-1
貔貅绿
1
false
27300011
夔牛
60
家族神兽boss
0
3
0
0.5
-1
-1
61
-1
夔牛
1
false
27300012
烛龙
60
家族神兽boss
0
3
0
0.5
-1
-1
61
-1
烛龙
1
false
27300013
饕餮
60
家族神兽boss
0
3
0
0.5
-1
-1
61
-1
饕餮
1
false
27300014
黄鸟
60
家族神兽boss
0
3
0
0.5
-1
-1
33
-1
黄鸟
1
false
27300015
貔貅
60
家族神兽boss
0
3
0
0.5
-1
-1
61
-1
貔貅绿
1
false
27300016
夔牛
75
家族神兽boss
0
3
0
0.5
-1
-1
61
-1
夔牛
1
false
27300017
烛龙
75
家族神兽boss
0
3
0
0.5
-1
-1
61
-1
烛龙
1
false
27300018
饕餮
75
家族神兽boss
0
3
0
0.5
-1
-1
61
-1
饕餮
1
false
27300019
黄鸟
75
家族神兽boss
0
3
0
0.5
-1
-1
33
-1
黄鸟
1
false
27300020
貔貅
75
家族神兽boss
0
3
0
0.5
-1
-1
61
-1
貔貅绿
1
false
27300021
夔牛
90
家族神兽boss
0
3
0
0.5
-1
-1
61
-1
夔牛
1
false
27300022
烛龙
90
家族神兽boss
0
3
0
0.5
-1
-1
61
-1
烛龙
1
false
27300023
饕餮
90
家族神兽boss
0
3
0
0.5
-1
-1
61
-1
饕餮
1
false
27300024
黄鸟
90
家族神兽boss
0
3
0
0.5
-1
-1
33
-1
黄鸟
1
false
27300025
貔貅
90
家族神兽boss
0
3
0
0.5
-1
-1
61
-1
貔貅绿
1
false
25000001
剑痴
50
boss
0
1
2
来者何人！！！
什么声音！
1
-1
10
12
-1
剑痴
1
false
25000002
百毒子
50
精英
0
1
2
来者何人！！！
什么声音！
1
-1
28
27
-1
剑痴
1
false
25000003
蝠母
50
精英
0
1
2
来者何人！！！
什么声音！
1
-1
30
29
-1
剑痴
1
false
25000004
蝠王
50
木桩
0
1
2
来者何人！！！
什么声音！
1
-1
30
29
-1
剑痴
1
false
25000005
黑水玄蛇
50
木桩
0
1
2
来者何人！！！
什么声音！
1
-1
32
31
-1
剑痴
1
false
25000006
黑衣苍松
50
木桩
0
1
2
来者何人！！！
什么声音！
1
-1
11
13
-1
剑痴
1
false
25000007
黄鸟
50
木桩
0
1
2
来者何人！！！
什么声音！
1
-1
-1
33
-1
剑痴
1
false
25000008
林三娘
50
boss
0
1
2
来者何人！！！
什么声音！
1
-1
35
34
-1
剑痴
1
false
25000009
刘镐
50
boss
0
1
2
来者何人！！！
什么声音！
1
-1
37
36
-1
剑痴
1
false
25000010
孟骥
50
boss
0
1
2
来者何人！！！
什么声音！
1
-1
39
38
-1
剑痴
1
false
25000011
年老大
50
boss
0
1
2
来者何人！！！
什么声音！
1
-1
41
40
-1
剑痴
1
false
25000012
熔岩犬
50
boss
0
1
2
来者何人！！！
什么声音！
1
-1
45
44
-1
剑痴
1
false
25000013
尸王
50
boss
0
1
2
来者何人！！！
什么声音！
1
-1
47
46
-1
剑痴
1
false
25000014
兽神
50
boss
0
1
2
来者何人！！！
什么声音！
1
-1
49
48
-1
剑痴
1
false
25000015
野狗
60
普通
0
1
2
来者何人！！！
什么声音！
1
-1
39
38
-1
剑痴
1
false
25000016
玉阳子
60
普通
0
1
2
来者何人！！！
什么声音！
1
-1
51
50
-1
剑痴
1
false
25000017
百毒药人
19
普通
0
1
2
来者何人！！！
什么声音！
1
-1
11
13
-1
剑痴
1
false
25000018
白骨魔
19
普通
0
1
2
来者何人！！！
什么声音！
1
-1
58
57
-1
剑痴
1
false
25000019
白狐
23
普通
0
1
2
来者何人！！！
什么声音！
1
-1
4
5
-1
剑痴
1
false
25000020
冰尸鬼
23
普通
0
1
2
来者何人！！！
什么声音！
1
-1
41
40
-1
剑痴
1
false
25000021
长生堂弟子
27
普通
0
1
2
来者何人！！！
什么声音！
1
-1
11
13
-1
剑痴
1
false
25000022
赤炎兽
27
普通
0
1
2
来者何人！！！
什么声音！
1
-1
49
48
-1
剑痴
1
false
25000023
毒蚊
27
普通
0
1
2
来者何人！！！
什么声音！
1
-1
20
21
22
剑痴
1
false
25000024
蝠怪
27
普通
0
1
2
来者何人！！！
什么声音！
1
-1
20
21
22
剑痴
1
false
25000025
怪狼
30
普通
0
1
2
来者何人！！！
什么声音！
1
-1
4
5
-1
剑痴
1
false
25000026
鬼道弟子
30
普通
0
1
2
来者何人！！！
什么声音！
1
-1
10
12
-1
剑痴
1
false
25000027
鬼道精英
30
普通
0
1
2
来者何人！！！
什么声音！
1
-1
10
12
-1
剑痴
1
false
25000028
鬼道巫师
30
普通
0
1
2
来者何人！！！
什么声音！
1
-1
11
13
-1
剑痴
1
false
25000029
鬼判
30
普通
0
1
2
来者何人！！！
什么声音！
1
-1
58
57
-1
剑痴
1
false
25000030
鬼影
30
普通
0
1
2
来者何人！！！
什么声音！
1
-1
58
57
-1
剑痴
1
false
25000031
黑蝠
30
普通
0
1
2
来者何人！！！
什么声音！
1
-1
20
21
22
剑痴
1
false
25000032
横行蟹
30
普通
0
1
2
来者何人！！！
什么声音！
1
-1
20
21
-1
剑痴
1
false
25000033
花魅
30
普通
0
1
2
来者何人！！！
什么声音！
1
-1
24
26
-1
剑痴
1
false
25000034
幻妖蝶
30
普通
0
1
2
来者何人！！！
什么声音！
1
-1
23
25
-1
剑痴
1
false
25000035
虎人兽妖
30
boss
0
1
2
来者何人！！！
什么声音！
1
-1
-1
18
19
剑痴
1
false
25000036
剑灵
30
木桩
0
1
2
来者何人！！！
什么声音！
1
-1
-1
-1
-1
剑痴
1
false
25000037
鲛人
27
普通
0
1
2
来者何人！！！
什么声音！
1
-1
60
59
-1
剑痴
1
false
25000038
炼血堂杀手
27
普通
0
1
2
来者何人！！！
什么声音！
1
-1
10
12
-1
剑痴
1
false
25000039
戾鹤
27
普通
0
1
2
来者何人！！！
什么声音！
1
-1
-1
-1
-1
剑痴
1
false
25000040
灵猴
27
普通
0
1
2
来者何人！！！
什么声音！
1
-1
55
54
-1
剑痴
1
false
25000041
灵麋
50
木桩
0
1
2
来者何人！！！
什么声音！
1
-1
9
8
-1
剑痴
1
false
25000042
戾蛇
50
木桩
0
1
2
来者何人！！！
什么声音！
1
-1
20
21
-1
剑痴
1
false
25000043
刘波海女
50
木桩
0
1
2
来者何人！！！
什么声音！
1
-1
24
26
-1
剑痴
1
false
25000044
刘波海贼
50
木桩
0
1
2
来者何人！！！
什么声音！
1
-1
11
13
-1
剑痴
1
false
25000045
猫女
50
木桩
0
1
2
来者何人！！！
什么声音！
1
-1
23
25
-1
剑痴
1
false
25000046
蒙面杀手
50
木桩
0
1
2
来者何人！！！
什么声音！
1
-1
10
12
-1
剑痴
1
false
25000047
鸣蛇
50
木桩
0
1
2
来者何人！！！
什么声音！
1
-1
20
21
-1
剑痴
1
false
25000048
牡丹花妖
50
木桩
0
1
2
来者何人！！！
什么声音！
1
-1
23
25
-1
剑痴
1
false
25000049
牛人兽妖
50
木桩
0
1
2
来者何人！！！
什么声音！
1
-1
49
48
-1
剑痴
1
false
25000050
人鱼
50
木桩
0
1
2
来者何人！！！
什么声音！
1
-1
60
59
-1
剑痴
1
false
25000051
山魈
50
木桩
0
1
2
来者何人！！！
什么声音！
1
-1
1
2
-1
剑痴
1
false
25000052
树妖
50
木桩
0
1
2
来者何人！！！
什么声音！
1
-1
-1
56
-1
剑痴
1
false
25000053
凶灵
50
木桩
0
1
2
来者何人！！！
什么声音！
1
-1
58
57
-1
剑痴
1
false
25000054
血灵
50
木桩
0
1
2
来者何人！！！
什么声音！
1
-1
20
21
-1
剑痴
1
false
25000055
血叶灵蛊
50
木桩
0
1
2
来者何人！！！
什么声音！
1
-1
20
21
-1
剑痴
1
false
25000056
妖蝶
50
木桩
0
1
2
来者何人！！！
什么声音！
1
-1
23
25
-1
剑痴
1
false
25000057
野猪
50
木桩
0
1
2
来者何人！！！
什么声音！
1
-1
15
16
-1
剑痴
1
false
25000058
银铃狸猫
50
木桩
0
1
2
来者何人！！！
什么声音！
1
-1
-1
6
7
剑痴
1
false
25000059
猿猴
50
木桩
0
1
2
来者何人！！！
什么声音！
1
-1
1
2
-1
剑痴
1
false
25000060
鱼人
50
木桩
0
1
2
来者何人！！！
什么声音！
1
-1
60
59
-1
剑痴
1
false
25000061
猪妖
50
木桩
0
1
2
来者何人！！！
什么声音！
1
-1
15
16
17
剑痴
1
false
