38
22100001
张小凡
青云弟子，机缘巧合获得法宝噬魂，后入鬼王宗，集道、佛、魔三家真法于一身。
1
ICON_Pet_01
3
张小凡
1
1
0
5
54100001
1
这世上的美味我都做给你吃。
0
属性全能，攻防兼备
5
90
88
71
82
19
22100002
陆雪琪
青云门小竹峰弟子，白衣若雪，空灵绝尘，经十年风雨，与张小凡执子之手生死与共。
2
ICON_Pet_04
3
陆雪琪
1
1
0
5
54100002
1
九天玄刹，化为神雷，煌煌天威，以剑引之！！！
0
稳定高伤，最强群攻
5
92
80
72
97
16
22100003
林惊羽
青云弟子，万剑一传人，少年时与张小凡一同长大，丰神俊朗，惊才艳绝。
3
ICON_Pet_10
3
林惊羽
1
1
0
5
54100003
1
一剑一乾坤，一生为一人。
0
破防爆发，最强单体
5
95
65
95
70
25
22100004
碧瑶
鬼王宗宗主之女，笑靥如花，绿衫灵动，于正魔大战中为救张小凡而死于诛仙剑下。
4
ICON_Pet_05
3
碧瑶
1
1
0
5
54100004
1
你想知道在那满月古井里能看到什么吗？
2
治疗控制，攻辅兼备
5
64
87
45
69
94
22100005
普智
天音四大神僧之一，曾收张小凡为徒，后因嗜血珠反噬而铸成大错。
111
ICON_Pet_28
2
普智
1
1
0
4
54100005
1
万般执念，不过佛前一盏心灯。
1
群体防御，群体攻击
5
57
78
61
72
58
22100006
小七
天狐遗脉，性情活泼正直，身世孤苦而被六尾魔狐收养，与张小凡、林惊羽是多年至交。
5
ICON_Pet_17
3
小七
1
1
0
5
54100006
1
可以请你跳个舞吗？
1
躲闪降攻，防御辅助
5
65
94
39
83
72
22100007
宋大仁
青云大竹峰首徒，为人忠厚老实，对师弟师妹照顾有加，倾慕小竹峰弟子文敏已久。
220
ICON_Pet_45
3
宋大仁
1
1
0
3
54100007
1
大竹峰宋大仁，请赐教。
0
群体攻击
5
46
55
48
54
12
22100008
法相
天音俗家弟子，渝都山海苑少主，仗义正直，与锦绣坊丁玲自幼定下婚约。
112
ICON_Pet_37
3
法相
1
1
0
4
54100008
1
佛曰：不可说。
1
高防高血，群体反伤
5
43
95
42
67
79
22100009
齐昊
青云弟子，正道年轻一代翘楚，倾心田灵儿，并修成正果。
113
ICON_Pet_39
3
齐昊
1
1
0
4
54100009
1
人若得一知己，便不枉此生。
0
属性均衡，输出优秀
5
78
71
57
75
28
22100010
苍松
青云门龙首峰首座，掌管戒律堂，极有威严，十分敬重万剑一。
114
ICON_Pet_32
3
苍松
1
1
0
4
54100010
1
士为知己者死。
0
优秀输出，持续伤害
5
83
56
58
81
35
22100011
曾书书
青云风回峰弟子，机智聪慧，顽皮活泼，人缘极好，喜爱养珍奇异兽。
7
ICON_Pet_24
3
曾书书
1
1
0
5
54100011
1
我这里有一些新奇的宝贝，要不要来看看！
1
超高躲闪，超强妨碍
5
48
99
48
62
96
22100014
水月
青云门小竹峰首座，陆雪琪的恩师，清冷貌美，不苟言笑。
117
ICON_Pet_33
3
水月
1
1
0
4
54100014
1
镜花水月，不过幻梦一场，不如万般皆散。
1
驱散异常状态，稳定攻击
5
71
65
45
63
83
22100015
金瓶儿
合欢派弟子，锦绣坊老板，俏丽妩媚，精灵狡黠，人称“妙公子”。
107
ICON_Pet_36
3
金瓶儿
1
1
0
4
54100015
1
瓶儿携锦绣坊众姐妹恭候多时了。
0
单体攻击，高爆发
5
90
60
91
55
14
22100016
李洵
焚香谷谷主亲传弟子，性情高傲，修为高深，被焚香谷一众师长寄予厚望。
208
ICON_Pet_41
3
李洵
1
1
0
3
54100016
1
与我并肩，你就有了八荒火龙的威力。
0
稳定攻击
5
65
42
53
67
6
22100017
青龙
圣教四大护法之一，鬼王宗宗主的左膀右臂，与毒公子秦无炎交情甚密。
118
ICON_Pet_29
3
青龙
1
1
0
4
54100017
1
以我热血，为你封疆。
0
小范围群体攻击
5
86
46
64
88
16
22100018
苏茹
青云门大竹峰首座田不易之妻，师承小竹峰，外表柔美，生性要强。
119
ICON_Pet_34
3
苏茹
1
1
0
4
54100018
1
我不想再看见世间疾苦。
1
群体攻击，单体驱散
5
63
70
62
75
55
22100019
田不易
青云门大竹峰首座，外表严厉，内心则十分护短。
115
ICON_Pet_27
3
田不易
1
1
0
4
54100019
1
天地不仁，以万物为诌狗！
0
群体攻击，范围禁疗
5
83
73
58
68
29
22100020
萧逸才
青云门道玄掌门首徒，从容风雅，波澜不惊，处处彰显领袖气魄。
109
ICON_Pet_38
3
萧逸才
1
1
0
4
54100020
1
对酒当歌，人生几何。
1
小范围攻击，不稳定爆发
5
90
60
99
57
4
22100021
周一仙
得道高人，见多识广，通晓天机，却深藏不露，游走四方神通广大。
110
ICON_Pet_25
3
周一仙
1
1
0
4
54100021
1
年轻人，可要老夫为你算上一卦？
2
群体回血，群体辅助
5
17
83
15
84
99
22100022
野狗道人
炼血堂弟子，其貌不扬，为人却忠心仗义，誓死效忠炼血堂，后倾慕小环，随其浪迹天涯。
222
ICON_Pet_53
3
野狗道人
1
1
0
3
54100022
1
来来来，给狗爷捶捶腿！
1
单体攻击
5
35
58
26
53
9
22100023
大黄
田不易养的义犬，得道灵宠，修行数百年。
223
ICON_Pet_51
3
大黄
1
1
0
3
54100023
1
汪……
1
单体攻击
5
45
52
16
18
13
22100024
燕虹
焚香谷杰出女弟子，细心沉静，与李洵自幼青梅竹马，感情甚笃。
224
ICON_Pet_42
3
燕虹
1
1
0
3
54100024
1
焚香谷燕虹，恭候多时了。
1
单体攻击
5
53
52
50
57
12
22100026
秦无炎
万毒门毒神的关门弟子，年轻一代翘楚，心思缜密，桀骜不驯，人称“毒公子”。
126
ICON_Pet_35
3
秦无炎
1
1
0
4
54100026
1
十年情思百年渡，不斩相思不忍顾。
0
群体攻击，群体毒
5
86
67
74
49
19
22100027
田灵儿
青云大竹峰首座田不易之女，天真无邪，俏皮灵动，集万千宠爱于一身，爱慕师兄齐昊。
120
ICON_Pet_40
3
田灵儿
1
1
0
4
54100027
1
跟我走吧，带你回大竹峰！
2
单体攻击，单体控制
5
64
62
68
55
62
22100028
三尾妖狐
修行数百年的灵狐，与六尾魔狐生死相随，此情不渝，后于黑石洞中殉情而死。
228
ICON_Pet_54
3
三尾妖狐
1
1
0
3
54100028
1
天涯海角，日夜担忧，可是，我从来没有后悔过……
0
群体攻击
5
68
45
72
73
9
22100029
小环
周一仙孙女，鬼道传人，天真善良，糖葫芦是她的最爱。
116
ICON_Pet_31
3
小环
1
1
0
4
54100029
1
嘻……你要请我吃糖葫芦吗？
2
群体攻击，团队增益
5
74
62
6
83
88
22100030
鬼先生
鬼道神秘高手，来历神秘莫测，极少露面，曾暗中主持诡异阵法“四灵血阵”。
6
ICON_Pet_23
3
鬼先生
1
1
0
5
54100030
1
你可要尝尝我这三日必死丸？
2
大范围群体控制
5
56
53
53
94
95
22100031
幽姬
又名朱雀，圣教四大护法之一，鬼王宗宗主的左膀右臂，与碧瑶情同母女。
121
ICON_Pet_30
3
幽姬
1
1
0
4
54100031
1
今生今世，可还能有人掀起我的面纱？
0
范围攻击，单体爆发
5
81
46
68
95
16
22100032
文敏
青云小竹峰水月大师的得意弟子，温文尔雅，道行高深。
229
ICON_Pet_48
3
文敏
1
1
0
3
54100032
0
0
范围攻击
5
43
43
62
57
14
22100033
年老大
圣教炼血堂堂主，也曾无限风光，拥有法宝赤魔眼。
230
ICON_Pet_56
3
年老大
1
1
0
3
54100033
0
0
范围攻击
5
61
63
52
51
7
22100034
血鲲
圣教炼血堂豢养的千年灵兽，吞噬万物之灵。
231
ICON_Pet_57
3
血鲲
1
1
0
3
54100034
0
0
大范围攻击
5
65
36
45
82
5
22100035
毒神
圣教万毒门掌门，心机颇深。
232
ICON_Pet_58
3
毒神
1
1
0
3
54100035
0
0
范围攻击
5
35
65
43
67
12
22100036
百毒子
圣教万毒门高手，曾与秦无炎明争暗斗。
233
ICON_Pet_59
3
百毒子
1
1
0
3
54100036
0
0
小范围攻击
5
42
75
39
56
13
22100037
吸血老祖
圣教高手，数百年道行。
234
ICON_Pet_60
3
吸血老祖
1
1
0
3
54100037
0
0
单体攻击
5
58
67
37
37
8
22100038
孟骥
长生堂弟子，堂主玉阳子的得力干将。
235
ICON_Pet_61
3
孟骥
1
1
0
3
54100038
0
0
高耐久
5
45
81
46
35
7
22100039
玉阳子
圣教长生堂堂主，一生钻研不老之术。
236
ICON_Pet_62
3
玉阳子
1
1
0
3
54100039
0
0
范围攻击
5
55
68
48
59
9
22100040
大黑蛭
上古异种，曾于黑石洞中为三尾灵狐所驭。
237
ICON_Pet_63
3
大黑蛭伙伴
1
1
0
3
54100040
0
0
范围攻击
5
56
34
44
68
4
22100041
六尾魔狐
九尾天狐之子，亦正亦邪，情深意重。
139
ICON_Pet_55
3
六尾魔狐
1
1
0
3
54100041
0
0
单体攻击
5
59
33
59
57
6
