90
1
43
2
81
3
103
4
131
5
167
6
213
7
274
8
354
9
461
10
603
11
796
12
1061
13
1433
14
1965
15
2751
16
3962
17
5943
18
9508
19
17115
20
41076
21
61614
22
84499
23
118299
24
170350
25
255526
26
350435
27
490609
28
706477
29
1059716
30
1554250
31
1902402
32
2449342
33
2547316
34
2674682
35
2835162
36
3033624
37
3276314
38
3571182
39
3928300
40
4360413
41
4883663
42
5518539
43
6291134
44
7234804
45
10852207
46
11069251
47
11401328
48
11857381
49
12450251
50
13197266
51
14121074
52
15250760
53
16623328
54
18285661
55
20297084
56
22732734
57
25687990
58
29284308
59
33676954
60
50515432
61
51525740
62
53071512
63
55194373
64
57954092
65
61431337
66
65731531
67
70990053
68
77379158
69
85117074
70
94479952
71
105817546
72
119573827
73
136314163
74
156761287
75
235141931
76
239844769
77
247040113
78
256921717
79
269767803
80
285953871
81
305970642
82
330448293
83
360188640
84
396207504
85
439790329
86
492565169
87
556598641
88
634522450
89
729700818
90
1094551227
