70
1

0
1
10400026
4
2000
2

0
1
10400026
4
4000
3

0
1
10400026
4
6000
4

0
1
10400026
4
8000
5

0
1
10400026
4
10000
6

0
1
10400026
4
12000
7

0
1
10400026
4
14000
8

0
1
10400026
4
16000
9

0
1
10400026
4
18000
10

15
2
10400026
4
10400031
2
20000
11

15
1
10400026
4
22000
12

15
1
10400026
4
24000
13

15
1
10400026
4
26000
14

15
1
10400026
4
28000
15

15
1
10400026
4
30000
16

15
1
10400026
4
32000
17

15
1
10400026
4
34000
18

15
1
10400026
4
36000
19

15
1
10400026
4
38000
20

30
2
10400026
4
10400031
4
40000
21

30
1
10400027
8
42000
22

30
1
10400027
8
44000
23

30
1
10400027
8
46000
24

30
1
10400027
8
48000
25

30
1
10400027
8
50000
26

30
1
10400027
8
52000
27

30
1
10400027
8
54000
28

30
1
10400027
8
56000
29

30
1
10400027
8
58000
30

45
2
10400027
8
10400032
8
60000
31

45
1
10400027
16
62000
32

45
1
10400027
16
64000
33

45
1
10400027
16
66000
34

45
1
10400027
16
68000
35

45
1
10400027
16
70000
36

45
1
10400027
16
72000
37

45
1
10400027
16
74000
38

45
1
10400027
16
76000
39

45
1
10400027
16
78000
40

60
2
10400027
16
10400032
16
80000
41

60
1
10400028
32
82000
42

60
1
10400028
32
84000
43

60
1
10400028
32
86000
44

60
1
10400028
32
88000
45

60
1
10400028
32
90000
46

60
1
10400028
32
92000
47

60
1
10400028
32
94000
48

60
1
10400028
32
96000
49

60
1
10400028
32
98000
50

75
2
10400028
32
10400033
32
100000
51

75
1
10400028
64
102000
52

75
1
10400028
64
104000
53

75
1
10400028
64
106000
54

75
1
10400028
64
108000
55

75
1
10400028
64
110000
56

75
1
10400028
64
112000
57

75
1
10400028
64
114000
58

75
1
10400028
64
116000
59

75
1
10400028
64
118000
60

90
2
10400028
64
10400033
64
120000
61

90
1
10400029
128
122000
62

90
1
10400029
128
124000
63

90
1
10400029
128
126000
64

90
1
10400029
128
128000
65

90
1
10400029
128
130000
66

90
1
10400029
128
132000
67

90
1
10400029
128
134000
68

90
1
10400029
128
136000
69

90
1
10400029
128
138000
70

105
2
10400029
128
10400034
128
140000
